1777
4974
3195
1788
5766
2779
6645
819
2263
6402
5914
5636
2175
5099
5369
6257
3916
6801
2566
3258
2977
2919
822
3007
3811
2370
1261
4556
3501
96
1280
484
6487
5939
5003
4919
6177
4809
489
6619
1328
5295
2434
6552
1113
3553
4021
4818
1448
717
6634
2824
2224
2039
6475
3424
5887
624
398
3533
6412
6127
5028
2309
4637
3860
4103
4546
3627
2510
5715
526
6473
1565
3240
2931
2549
2649
5662
3039
3787
2982
1874
169
3250
6439
5857
5910
1708
6196
1445
4080
6013
143
5126
35
3591
4935
5884
5485
6164
925
5463
6552
5695
1411
5356
3544
2761
5393
6079
1867
5142
5941
1901
4050
2358
5399
2605
5612
3020
4887
6149
1653
2758
4062
5173
5221
6334
3368
1215
6654
331
4629
1550
5952
7049
6118
6714
6432
627
2652
6436
2583
228
6855
6318
333
4676
5239
2596
4615
4216
128
663
875
2260
3006
505
1801
2081
6271
1927
4008
505
6746
5297
3708
6130
4499
4873
2156
2765
2672
160
5928
2542
5752
5182
1586
4819
971
878
5347
5640
2270
6443
6843
3336
3494
3017
1580
3666
3591
223
3014
3839
503
5615
339
2336
2635
3286
918
3059
1680
317
5563
6157
3937
1773
5378
5310
6431
4142
4280
5377
6853
5616
522
5128
510
3736
320
5342
3334
3474
3421
3105
1868
4011
1158
2321
1964
0
3415
1184
6937
4340
5746
2660
2934
6773
6941
4182
2499
625
5713
1722
927
2250
25
123
2305
3791
4765
2656
3416
4216
950
4247
1902
2329
1173
4495
2844
675
2194
2678
3172
2654
6141
2787
5190
6918
2918
3148
4095
5964
6220
5022
3441
947
6614
3534
3903
1356
5083
2331
2331
4423
2698
3413
2406
5519
3497
3748
6847
3196
703
2097
5237
5950
4008
5863
6820
1638
6510
783
1941
340
342
3761
2322
810
5701
2836
6066
772
3331
4196
5001
520
4922
3181
518
5702
7062
6271
3180
25
1323
4876
5242
4951
6979
3147
4817
3829
4061
1236
2546
6409
2955
4576
3644
1249
5360
2570
3804
6387
6006
361
390
6296
6695
2464
4739
2389
6699
2717
2413
2472
616
850
4644
948
4720
2294
3565
5149
6530
271
5577
3613
254
1742
5582
7036
3680
5119
3861
4272
2548
1926
2631
1170
4723
1124
6293
6406
2731
3856
5163
5502
377
3594
4817
61
6451
5326
1871
826
6091
165
3186
2513
1011
715
4936
5273
3869
5233
2355
2358
579
5725
6173
4957
5227
1225
5619
3638
499
5945
5964
6609
726
5774
606
3270
1816
3254
6745
1378
6307
125
3811
292
4146
2009
3105
6972
469
5464
6695
1435
1158
6375
6180
110
1728
2593
5169
1897
6678
6190
4691
6648
6387
6543
2278
4643
5852
628
0
6264
2257
2869
458
1125
6059
6272
1910
801
3977
3367
5335
6328
809
2052
359
4914
5595
989
6424
3586
2608
5253
705
6353
5812
1712
5334
5179
1184
3411
2537
6979
3415
4531
5923
6490
2487
4846
417
183
1712
2150
7016
2182
5038
5689
1997
5192
6507
6242
1547
3335
1043
1748
4938
7011
3257
3331
2181
1391
5402
3757
2175
4930
3095
2666
1357
1043
2597
6122
6263
766
6896
3557
4426
1371
2259
1395
5451
2015
3950
6283
2175
5024
2825
4105
5222
767
2624
5675
5694
1188
1979
49
2784
6951
6332
3955
2768
6402
2788
6699
3600
380
2641
3314
4354
4666
5285
3818
1851
6390
5575
4209
9
6503
2286
1474
7004
3259
4784
1450
3601
2076
2594
181
4938
1047
3504
2454
6979
532
1783
6438
982
229
1931
126
2209
5415
2719
3909
5455
2231
18
6105
3858
2700
2587
2849
4255
6151
2474
4654
1706
6434
4816
4674
3513
4728
6413
2058
1734
3808
7056
1399
3480
6807
4885
6203
2148
3746
5289
4387
877
3013
1322
1196
5802
5958
568
3717
4621
4829
2877
930
2847
6556
1142
2088
5420
1955
1091
6219
4388
6017
3125
2222
4661
6394
4708
1109
3453
1908
3066
5280
5260
5760
6783
1665
1320
4217
1828
3282
2499
3273
4249
2955
5714
5727
4327
2320
4293
1777
594
6114
86
4310
7012
1291
3425
3025
5281
1333
2920
6712
3087
6325
1379
7049
4708
4702
423
1248
5651
5158
4555
4831
5733
7025
6045
4374
6313
2072
380
745
4099
2735
4674
2449
1491
6270
3234
1340
5839
1380
6724
740
996
1591
4256
1685
3005
2814
4151
6863
2235
2173
3506
2914
1208
454
4165
3148
1282
3196
6339
1257
609
2315
5585
3583
3441
4693
133
2825
537
6035
4118
3751
6855
2541
6792
1473
6467
4189
5874
4137
6952
2520
1443
2031
1222
3045
3721
1135
3850
6744
3058
1195
6065
3501
393
6898
3915
1612
2540
600
5457
461
1710
7006
4331
1685
906
2826
6511
5865
2068
5961
869
3453
5119
1008
2058
5852
5737
2363
5377
1758
3182
4697
4380
5059
2591
6459
3440
327
3833
2517
1755
807
848
3500
2028
3495
2766
3326
2448
3630
270
2780
6207
1827
5822
3277
2682
3571
556
6339
1890
977
1355
1506
6975
696
1138
4262
3717
47
896
4680
5546
3279
5827
6642
2026
586
2774
6177
6608
2242
6939
3415
4002
4080
6485
1961
30
4379
4057
2202
577
255
4113
5068
5792
3121
5618
3596
1779
6689
1530
5809
27
5156
3771
3150
846
4012
6927
1525
3533
1801
2727
5397
742
4713
6936
803
1241
6723
1004
3106
6116
2129
4525
3340
3782
2209
5335
4099
4969
4397
824
2325
2356
373
1344
4069
182
2949
2555
4585
3127
1858
2351
5761
4458
3009
4316
2831
1941
3798
5099
3317
4567
3930
2469
2487
5729
1891
3551
6019
3984
6515
3893
3710
1696
1114
1569
1693
2065
462
736
1830
2393
3226
983
6159
2462
5823
2683
994
3778
3537
4287
1371
2279
4044
285
4165
6554
1308
5364
1714
1235
1822
2088
2014
6007
4815
6862
6487
2098
5044
6349
4328
3175
345
4323
6852
4779
6122
4073
2572
3026
3407
3610
1249
5941
646
5633
5761
2003
4533
1754
2445
4940
1996
6056
3327
4410
4954
2853
198
2308
4052
4585
1630
2150
5333
4963
1128
1922
3580
2857
6940
5558
1
5256
2910
1687
383
400
1576
5572
5391
1290
6317
390
3625
5280
2390
5034
2094
6284
4912
4898
257
1030
334
6208
5744
2407
6198
5424
5133
3242
5463
2568
673
1152
6593
904
4295
5837
4573
1708
5610
6592
4991
5397
151
5631
5888
5741
929
5983
217
2486
7038
3713
5857
2444
2795
3475
844
3330
940
2287
5227
748
4030
82
2207
3999
5652
5802
3376
6746
5098
5328
6107
6629
156
4952
1814
4974
2076
4003
5188
4842
6692
3635
2757
6623
1490
1492
2182
1562
1971
6646
2904
4528
4506
1056
4809
901
957
3078
678
1841
709
247
1249
5810
7016
2203
6637
5911
6565
5831
1897
2464
4323
5388
662
3472
4143
4555
3903
4075
5837
6103
4831
4334
2245
149
4965
1873
4116
3647
6809
2527
2952
6281
6681
4233
853
4414
4738
3179
4107
1758
4095
3947
3143
1264
4042
2288
1692
891
959
4905
1062
3888
6753
7006
1190
4175
849
3321
3676
3753
539
6458
2449
4427
3313
2150
5824
2886
1727
3539
728
3242
1279
2731
5608
4833
1583
4330
1917
2764
2086
794
3619
6404
6125
5838
3218
5323
5383
5404
2516
6518
6539
5905
5611
2638
1848
4375
7043
4944
1582
3924
155
6129
1332
4355
3394
1423
459
4217
5484
6427
5360
178
5270
2399
172
195
2821
1237
4028
5700
3983
273
2954
5014
1854
355
2734
1504
715
4006
4439
6983
4121
4339
3400
5801
5500
5105
123
6939
6677
268
2506
1120
4374
2557
412
5309
37
1389
4440
3793
1626
1212
6197
1952
3629
6186
4516
2497
5083
3227
1718
997
1497
2917
4073
5674
4000
2104
1459
2014
6661
3004
1427
4842
5810
2358
2788
2318
3235
1914
736
1233
1978
5504
814
3277
6980
6263
5484
1363
5451
5874
5851
3234
2727
172
1155
589
1798
5013
6855
1384
6015
3849
4885
4457
2887
4348
1944
2165
4261
4298
3444
843
6830
3683
1743
1318
1935
3777
721
198
5673
5228
3059
2125
4495
4066
5272
3393
4355
5798
800
5888
6146
5095
1279
6401
2094
5956
2993
5783
3234
349
3322
2310
3823
4812
859
1329
6981
4536
3038
6098
6327
6746
812
677
3040
6605
6615
3556
6773
3389
87
3131
6285
6794
4548
5976
4196
2555
5110
3804
3397
1420
6684
2510
1025
983
1107
325
372
5784
1223
3982
6628
5769
4214
564
3844
947
6795
3951
3051
4923
1200
3705
4165
3529
3666
265
1511
6777
4269
3605
3267
3520
402
2979
3250
5792
1832
804
6454
4619
2181
3844
2608
3068
4985
4613
513
4119
4300
2073
3594
3397
6286
2749
210
6572
4182
4182
6917
2625
3403
5739
724
1295
1617
6481
4959
4943
1769
3232
6793
5445
3488
4569
5381
2195
3263
3639
2528
864
5055
944
4463
2204
2213
4693
5710
1771
5040
922
2919
6759
2916
4198
381
4117
4686
4693
1293
3932
3290
625
6660
3937
1732
2075
235
5430
3110
2966
4008
3390
6652
3285
112
4394
2616
3460
5810
3511
5938
4822
4246
5211
6129
2330
6625
871
7022
2709
4327
5109
3274
4971
1769
3656
1383
6132
6175
1001
4083
3512
3909
1841
6501
4350
4779
4850
3164
3660
6077
2856
266
1962
4957
4465
1387
2861
3655
6853
1007
5174
245
1122
5757
1318
3869
6469
1444
6255
466
3663
3181
287
6401
3724
3378
1759
4796
5675
5549
471
4157
293
1270
3671
6795
594
2641
638
1580
6930
1953
4037
3559
4072
5766
3530
3355
886
3911
6601
4249
6683
6949
1708
4946
6991
2015
3498
5141
7048
4401
5915
2070
4098
1548
5413
3632
4424
753
6573
2885
2173
2956
1900
3752
2810
6707
5012
1446
219
6244
5601
1633
5237
2419
4332
1861
2569
4561
2202
3759
868
6801
1667
74
109
1402
3052
2051
488
6293
3019
1481
1848
3488
5260
2486
2681
4344
2002
1675
3796
5147
5794
2363
5804
6530
6159
6684
141
3998
3484
2367
6620
1670
666
4937
6043
5299
4500
5731
3344
1081
6891
5919
6181
6464
5918
3194
6437
1650
2569
908
6114
3423
813
4564
571
3154
2299
6849
844
1179
6297
6549
609
110
5950
3123
2141
3110
6746
6530
7059
4207
5166
5920
7
5617
3410
1546
3302
4796
5289
2579
1696
119
2626
4313
2253
6602
4739
1172
4523
14
5713
895
6684
2371
3459
1283
3875
7000
2835
4955
4797
2705
5319
308
4374
3505
2806
5842
4821
5800
1714
2086
2121
3983
77
4318
2902
6541
1034
4753
5517
4481
2653
6962
938
4042
4558
4535
3499
555
3430
1154
5623
4750
821
5895
3255
6030
2774
3646
1997
3706
1030
5309
1423
6212
625
826
5267
5815
4020
1388
3107
3740
3010
2956
4398
3691
2256
183
1208
2769
3708
3447
598
2047
6820
3168
6312
3468
1215
2200
2910
3305
3541
1875
2339
5540
1294
1570
3776
3749
2275
830
1094
698
1190
4776
2568
4993
4912
3130
6950
3925
6260
1862
1269
4374
4109
4925
2520
5170
1646
6209
29
539
3951
4514
5346
5861
1311
399
1796
289
3179
2403
1241
7010
6248
5307
3435
1209
6586
1076
1686
6016
4211
4471
6749
2726
5460
4440
3301
5619
4160
3445
6441
1640
3533
482
5742
5284
4059
3716
6867
3349
4866
5622
1673
902
3926
830
4659
1686
1367
3240
1769
5906
1632
1116
5720
7045
5219
6651
3874
6215
3335
4141
5749
177
1091
4472
2987
5586
6943
6462
6370
1776
2380
4246
2879
3845
2760
4659
3699
5939
314
2025
706
3104
5163
6771
2471
835
6294
1588
6653
1006
5147
3843
5723
5364
192
4249
6131
1671
2527
4595
47
6698
2708
4921
26
1782
4362
3559
1054
1415
3732
5366
592
1483
5423
2005
4647
1642
699
2552
6706
61
83
2005
3978
503
4048
5078
377
6743
1522
742
5086
1039
1957
2342
1371
1998
6394
5470
3538
5388
5831
6650
5061
4848
38
4922
4314
3519
4900
4144
4094
5477
1664
1619
6015
1390
5722
4186
5421
4243
5750
1056
2306
3788
5846
2549
5548
3011
5205
5084
5343
6245
6917
186
6087
1894
487
6349
2526
5315
1618
6710
3975
7059
3502
6512
6483
6859
6106
6009
1668
2863
5873
1851
6887
676
2388
3528
5642
3680
2547
2752
1527
6280
2072
4831
2361
1317
6619
856
1880
6059
762
785
6699
6569
5527
725
1811
524
2978
4435
5925
5792
1305
4326
6859
6199
315
6752
3823
2796
4918
4822
5700
989
5103
1166
561
4487
1111
4132
1125
2273
4148
116
3431
3013
3835
2844
6108
759
4174
6204
6499
5859
2231
1812
5273
3289
4629
3665
6088
2967
7000
5922
1852
294
3133
1266
800
2654
4867
12
2554
2066
6285
79
2561
4727
6021
1409
6689
4903
984
363
5025
2061
2836
6624
6284
6210
4961
3957
4463
3162
5409
3807
6504
4873
4134
3735
318
2539
647
981
4302
914
1166
3602
2107
5959
5740
39
3249
970
5656
2867
4976
118
126
2382
677
169
6906
1134
2308
1448
3843
3883
1715
5446
1656
2725
244
1898
6565
6402
4317
95
3401
802
3993
6053
3441
5486
1490
3476
2526
505
594
2964
1720
3703
2718
539
2477
1752
1000
5839
7015
4961
5581
1244
4007
3729
2750
4899
6845
3776
4333
7003
1706
2676
6110
4678
5298
3103
2976
6144
3580
4931
825
6059
2967
6691
4788
5304
924
939
6747
1782
6405
3712
2469
4265
2679
4549
3934
5643
2058
403
4386
4336
401
422
6704
1473
3280
1379
6776
2879
6462
568
1123
5722
7012
5585
4422
3125
6158
4330
1677
5530
5223
4147
2307
475
4906
482
5289
5918
3300
1189
2329
5011
4076
3120
3304
5692
6283
744
1370
562
4879
3670
2187
296
2184
4656
3729
1942
5629
5018
967
3304
2879
3279
1417
2935
6937
4159
3791
2973
6490
5865
2652
2028
1053
3226
4812
1367
2159
6720
6594
3713
5021
2798
2000
3540
3535
4358
6224
2286
5602
326
3487
2003
866
3554
3129
4525
6432
956
6738
2013
3842
436
5287
2700
6053
1907
2319
3869
1644
3465
2475
5422
3734
1401
5914
2534
1958
3179
4277
6563
1601
5969
5610
4885
3241
3687
575
6314
3809
1680
1422
5613
97
417
2779
6711
1718
1967
3785
1658
2234
3669
2723
2892
4308
1458
3241
3012
4430
5966
6841
4179
966
2438
5894
443
4727
3065
2513
5997
580
4328
1906
4072
1928
3279
4694
1082
2206
3339
2607
66
3823
2715
2285
2988
5353
4637
1786
1755
1146
5889
3470
6542
621
1304
6800
911
203
4539
4016
4427
2311
4837
2594
2011
2132
2995
2511
2472
4343
5549
478
5243
6381
6262
609
4640
6057
1124
5284
4781
6573
571
3957
2825
2836
6275
3090
859
539
6037
4688
4187
1990
3887
2973
2849
4674
7011
2147
6695
6693
386
4811
619
1901
1830
3066
3813
483
5965
2171
7
4413
6244
5184
3935
370
1672
1032
771
2357
3134
1291
4342
3850
548
6623
4311
1659
1199
1512
3989
6760
6473
961
4171
5254
4417
2243
2012
1584
2400
840
115
2376
3540
474
4560
4179
4421
1599
3720
6418
4040
3170
1714
6144
5191
6777
5498
4638
4167
2232
2250
4889
4633
5751
4653
6613
6249
2224
6135
3411
5706
3755
60
5926
52
5796
4120
5719
3024
5173
868
1242
2087
2638
4619
4215
441
3512
1893
1366
5159
867
1567
5967
1553
2069
3385
5843
5544
4349
6742
3640
2392
5042
5190
1714
6575
2509
7013
6009
1416
5389
6238
2109
3151
4487
5272
6185
288
869
5206
5913
1012
1908
3209
4081
957
4575
792
3011
5875
4185
3471
3439
2916
1579
3282
6871
3158
1123
2094
6709
5267
699
2313
4736
1999
3679
2401
3578
6814
1368
6742
5309
4522
3504
4754
1932
4378
1094
3989
3336
6107
2834
738
1253
5103
574
4473
382
1981
4111
3059
4983
998
2705
109
6163
5832
2254
2122
5564
924
6927
2721
938
4303
1429
281
3385
1074
918
6206
5263
5836
3232
1004
5319
1167
4283
2267
5320
2283
6230
5979
24
5768
1145
1135
1582
3673
3719
4375
6286
5593
565
4960
5031
4845
3783
4486
1398
6543
6657
1997
4217
3988
1705
3677
6679
4156
4891
2129
102
4402
3469
5699
2602
297
4420
5062
7004
2401
6764
1934
3328
1734
600
4122
6202
6823
2374
276
370
5607
1439
3781
263
2907
3950
4837
6586
3461
2953
6484
3248
4253
2296
1475
2119
5094
3044
2825
3313
3878
5382
6768
3691
4761
4104
440
6803
5673
4306
2720
452
2835
1569
5447
6606
1138
1870
6913
3033
639
1066
2786
4503
1969
7011
1917
4482
2803
3434
36
1332
6785
4630
4956
3209
4043
3953
3462
6153
2517
5074
3052
6830
889
4099
310
1381
3602
3706
3746
4527
2511
548
3432
265
6885
6
4554
3740
339
5337
3132
1277
4014
1279
1630
4145
2442
2542
5345
6725
4577
859
644
2307
5560
2504
6650
2180
4697
2350
6137
2825
3725
4244
1842
6677
2055
4279
2000
6485
3368
318
1986
2107
5652
1377
5387
1607
3525
3281
2755
2405
3507
2180
5721
3031
2427
4577
4105
1965
2188
5693
5098
3941
1752
5563
692
2730
4964
3881
6726
5190
1053
5627
4278
501
2141
428
4709
3359
3653
5056
3919
918
5769
5319
6938
696
3755
5793
6686
1991
4322
1067
3258
3659
736
5070
4826
1346
3839
107
4911
4761
5965
875
2535
6993
2268
4150
5334
5653
3627
5349
1471
1520
498
2896
2684
6569
1787
4558
6163
623
3398
7005
1027
1580
2015
590
5799
2713
3883
4105
3557
6446
4748
3263
4981
2823
1392
888
1410
2903
1554
4430
3481
1333
5777
3068
6719
4584
1700
6391
4461
5331
6389
4111
1326
4680
1329
6169
4361
2489
6545
5063
3681
4606
2548
4361
1005
2229
3984
4659
6716
1870
6248
6406
6870
673
1541
5761
3457
8
1786
1788
4299
3372
4565
4452
1242
6181
4711
1098
1454
2319
1674
315
1495
6908
1912
1249
4628
2475
7002
2977
5182
6554
5580
2233
5192
2384
6571
5617
4965
5344
5786
4008
4955
5176
80
1892
6577
3819
691
5655
4140
5188
4428
6248
3644
3034
77
5656
1137
1756
862
14
4150
6822
4081
4993
3404
3251
2213
860
383
6998
372
3632
6276
6823
5109
5388
5855
5848
5519
6859
4036
1227
1770
5888
2956
4634
3254
3764
606
6047
2744
3114
983
5047
1956
2347
6866
1579
6393
1532
3781
653
990
47
1354
3369
237
6172
3632
4021
3720
6562
1095
457
3868
1971
6002
752
1007
3287
4383
2373
3233
4182
5313
751
3630
23
3751
5215
4512
713
2495
6982
3630
2293
270
3059
3414
2789
4177
4186
4405
1606
1104
1337
3095
1077
3937
3110
2405
3498
5016
6762
734
6021
2739
3111
2991
1498
2586
6010
6025
4345
6557
2473
3841
4619
7015
3008
5609
3655
3985
5324
5359
765
3805
5672
2013
3347
555
3120
6174
1072
362
6490
5863
6335
4079
971
41
84
6846
3493
6619
2470
1751
4364
1203
3046
4679
4084
6730
1633
2638
3256
3772
2978
6548
3548
4316
993
5774
5703
7061
6724
2484
156
1040
4277
4360
6425
3368
2457
4160
3087
4817
93
4287
4021
385
4216
5839
6024
2608
3815
230
3676
985
6682
1637
307
175
2254
3301
655
3911
4869
1837
6368
1223
3942
805
3191
7030
6464
4264
4350
4324
4003
2955
2770
6348
6881
2742
691
126
6759
3191
2849
4767
501
815
3962
1665
6382
2139
4329
6
5252
7036
107
6186
4652
1698
1924
3086
5477
3781
5065
4080
227
7054
6832
2665
1388
1199
4840
4991
3623
4903
2199
5616
1258
6319
2806
6675
257
4030
2691
871
602
1723
3317
3123
1526
1128
4289
651
6387
5276
3750
51
2914
31
1825
3934
3666
2384
4657
4606
3542
1637
1623
1335
845
4568
6859
5869
4454
3587
1603
5025
5250
805
4016
5276
692
2539
6564
3071
303
1708
6828
5177
6591
4524
404
3565
2941
4998
3188
1971
2961
6944
6848
2930
5906
6435
6739
6127
6050
6988
2252
2265
4210
3632
254
1499
3206
1490
6970
1135
4442
2217
1121
2955
2068
2926
3796
6195
1280
423
2575
5790
4559
6704
5524
4868
6777
4020
4183
3709
5986
3783
3593
703
2395
133
354
6795
1947
2206
1505
2878
3004
602
5051
5204
297
2586
4879
3972
3924
4025
1641
2209
181
5869
2525
813
6003
841
5371
946
4443
3666
3157
5145
1474
4175
4117
4827
6299
5197
1278
3395
472
5370
2478
1187
3810
1422
1587
786
6542
6178
2649
1630
1273
4351
2475
6871
1907
5226
1554
1947
3661
4125
461
159
5269
1087
2346
3912
7042
4660
4113
1952
5004
4295
6561
1960
311
3999
6834
6859
5034
5908
2292
853
1607
1766
478
1837
5406
5594
336
2432
2307
3736
1866
4758
252
3316
4965
2708
2157
3921
1299
2229
3596
2921
6166
6787
623
3564
5928
2918
795
3468
2330
3018
3197
4274
2786
1235
2948
4212
1785
3907
165
5826
1835
2304
3877
3491
2361
776
1739
2281
2175
2172
204
156
323
383
2755
1953
5496
3300
6038
3642
6276
4131
5148
2548
6246
4401
2015
2248
2970
4807
1392
6432
3160
1701
5166
2452
3275
2270
129
6128
3519
4087
5917
4085
6831
3898
959
6848
6754
190
6687
1146
6688
3184
324
6252
4379
3459
1846
3024
4764
914
1146
998
2207
3057
6806
6182
4216
4431
2960
6674
6065
6089
4871
5924
868
4895
4388
287
6696
2995
5604
2429
5377
76
5091
3471
5597
5144
735
1498
72
2660
1952
1475
4525
6836
854
6987
126
4132
3535
4703
6825
5051
128
1516
3642
1316
2867
5667
2726
3874
6475
100
261
2075
5599
4447
2274
1707
5562
1239
2549
1843
3074
1823
1671
3144
719
5897
2739
5165
3744
1828
4515
2581
1315
5706
4409
3447
4956
6942
4712
1592
1110
2266
6074
1039
3936
1149
5064
199
4426
4424
6034
4811
315
550
3574
6115
5857
979
4987
3584
3316
4386
78
6263
6286
86
4511
229
573
4989
3672
6130
6432
4460
5089
4561
2457
3882
3106
890
6228
3001
6433
5827
2686
1592
1389
6857
1590
3618
145
993
1231
5009
2991
5803
2894
3574
4544
6408
6809
4079
5766
5284
4941
6571
4652
5935
3379
1761
4386
2899
2005
6544
5580
951
6686
914
2270
1205
4440
5
6349
5499
5175
2638
6291
741
6252
2256
4078
4612
3343
1497
2046
1376
1328
6477
2149
865
1550
5357
3867
3832
5443
3825
1050
3077
573
2967
3103
4987
2505
4655
1865
6081
4940
5847
3472
6633
3481
5011
5674
5666
3147
6960
3562
825
3634
5573
4827
6883
5740
4849
4586
4988
2159
5223
3559
2734
3072
6317
5169
6963
3324
5419
3233
2014
2509
1848
667
1092
1266
6043
3577
6877
6824
1584
3910
4614
6781
2579
2703
2755
4488
800
2030
1960
2100
5939
3182
4982
6180
5526
1279
6288
5532
5342
3891
6083
6698
4519
7028
1676
5285
582
1350
3965
4110
6911
4015
3988
5508
1185
1377
4506
3727
3581
4299
1103
3725
1479
1007
1565
720
5831
1497
1749
1249
2862
6946
1172
2392
6428
26
4142
2300
1894
358
4115
3648
2550
1353
280
2581
6031
2648
6271
6388
1878
2315
2873
396
4006
3524
899
5559
2012
1975
4836
2195
2933
572
1732
315
123
5553
6728
1134
308
5871
5344
5813
4628
3789
1393
3201
1173
2384
2907
4335
5900
2608
3838
6611
6581
6838
210
2215
3600
3928
4304
4108
5476
2725
918
3367
5944
183
443
348
1124
1365
5870
1649
793
256
3749
1320
4828
998
5758
6036
6417
3362
6582
586
3169
4698
3449
3138
2345
4377
3251
785
3190
3829
105
3794
7039
1453
3146
4904
1125
4225
4546
5790
6114
826
4917
2422
6442
3917
1744
4210
4596
6432
5167
3165
4184
2133
72
4455
5521
1041
4386
461
6695
2293
436
6550
2470
4346
4149
1339
148
2067
2448
571
29
9
540
4262
2034
1811
3502
1427
2863
4652
4990
2005
507
5114
4229
166
398
5665
5696
278
6571
221
1723
5327
6946
4384
2304
207
5842
5402
6324
2313
6228
3497
1425
3221
1055
5499
313
824
38
4934
1391
3085
4090
256
337
4937
2789
2777
1612
5347
3221
1002
4813
7025
6596
2366
680
4629
3496
2516
1208
3990
1280
2573
2942
1620
496
6236
6277
5093
5004
4716
3522
5992
1540
5432
1151
5698
5734
5320
2378
3946
2602
1638
2145
3006
5048
2512
2638
4837
3877
3904
6063
4630
3929
6344
2476
5079
5299
2727
4839
3713
6579
2551
6025
2055
4084
1997
204
3655
2635
2359
6965
6721
4423
896
4610
1530
4374
3531
6514
5389
1693
4234
4854
3783
3959
1836
4743
6904
2706
3435
4636
4512
6820
4106
3200
1618
5362
1788
2881
6104
4937
4930
4271
3979
1413
5118
7010
1913
3119
41
310
1419
1195
2061
3656
6030
6009
1961
3412
4981
4565
2065
2716
3698
3904
771
4756
5773
4839
1390
1765
5087
1788
1892
4852
669
4795
5098
4792
4841
2834
966
6165
203
4882
6772
1570
2007
347
200
76
483
842
5805
4873
4084
4950
2183
3097
1865
4433
4531
2340
14
5132
1274
4719
2947
6583
4555
851
1849
5537
1791
484
2195
4210
1413
338
3880
6313
5971
4760
3158
1776
5061
6715
1750
5306
6843
1401
4028
1924
595
3660
1473
2991
3370
451
5019
1899
2072
2117
2674
6547
2602
5573
6223
1925
87
3002
2081
4174
2604
4156
5168
2451
1059
5791
5792
6397
4655
2004
603
2134
1909
172
5232
3386
5019
6347
3291
4754
840
4204
5003
2617
3557
5872
2807
1541
5166
1533
6830
216
1164
5787
2493
6522
3648
6521
3835
1788
3961
872
60
5172
1838
3620
6617
3581
5296
1049
5334
6200
2436
3219
1043
4226
5176
6337
901
561
5455
1005
3852
2705
2656
1503
2364
3403
6223
6237
5069
4414
467
3278
1894
5243
1604
315
5408
4671
2315
6072
2159
3931
1988
6358
546
289
2009
1677
3474
4516
592
3742
2041
3737
545
177
6309
5683
1841
6092
5533
1207
6958
911
4286
38
6056
1675
665
6996
2071
5919
6908
2809
4846
4060
3657
4439
2157
3107
273
1054
935
1788
1385
6507
5585
1076
2684
269
1321
6876
5971
3813
1752
4650
6816
1879
4239
230
5548
4331
6067
6655
4606
1255
264
5858
3176
722
1984
6162
7015
5771
2724
6732
4517
525
568
3564
4693
3204
291
4457
2326
4236
501
6806
4727
3252
1887
6157
3628
793
1645
3814
3079
2066
929
3424
6157
4452
5737
9
2487
5290
1152
3148
1400
3949
1154
3787
3354
1216
5389
4342
6827
2494
1715
6947
280
190
3315
783
634
5307
5354
308
3098
251
3812
3193
5709
3666
5281
1735
3310
4161
551
6113
3827
4771
508
2855
4729
6152
5190
4079
6528
995
4448
2382
6940
2129
3974
3815
6478
6743
2557
6041
689
106
6128
3736
5673
772
6061
5164
4700
2552
2207
3162
4509
139
3084
6728
6681
1929
2577
3027
5192
3377
3415
4747
3229
6411
2538
1067
808
2708
4230
4805
251
1905
1528
4930
4201
4882
6774
956
3556
4123
6107
4070
1738
5244
6390
506
2302
2403
1512
4727
2073
4061
738
4939
3783
5733
6948
3914
2613
4866
2844
1467
5232
5770
6890
1046
3706
5888
5251
5527
783
5013
4402
3678
2256
4426
5723
6087
6317
3570
6032
5529
2084
432
5248
1749
5980
5742
915
5440
6792
2315
405
7025
2979
2494
4311
1192
4098
6044
5523
3068
6102
662
2481
6575
6128
1190
6064
1809
3727
1974
6883
4128
65
1817
794
2870
805
6392
6110
2715
1932
4928
794
5160
6891
980
5025
1010
998
4322
6137
4169
815
2910
5914
516
850
1816
1433
1993
4967
1040
604
5884
3535
2979
12
3596
3248
3992
4140
6769
5597
5807
3161
6164
1230
7040
3796
3564
1708
3415
4051
5707
698
3468
6870
1139
4735
728
6546
5454
2855
960
284
2990
2171
5297
660
5837
5457
2134
6971
6442
6408
855
4884
2293
1378
258
48
2115
1193
6503
1594
2683
4688
6759
4958
6183
90
4658
3360
6135
5393
3731
2089
5706
655
1789
5022
3885
1551
4694
4845
1709
1749
122
4957
4451
1496
1514
706
2243
2621
610
4941
2283
6127
1208
4905
2530
1525
652
6931
4057
6084
1445
1742
3058
7033
2151
1311
6649
4896
5611
3254
937
1623
6868
6308
3038
4192
5213
1790
4036
6881
4934
3869
6887
6468
3732
6561
4459
1644
5576
4804
3331
6699
2072
443
2221
5163
200
3707
5137
2432
1341
3886
5497
1122
6225
6163
3300
3453
1533
3094
2020
2296
1478
3861
1143
3343
1691
414
5003
1915
4326
2041
5556
3458
807
3039
3294
5319
5401
3169
1730
5398
4692
6404
2000
6740
2982
7002
384
1913
1354
1308
5547
6062
4381
1181
4126
2256
1379
3811
2179
5911
2691
5098
2376
5271
4827
1125
6918
1941
6380
497
6654
2506
2695
5387
3850
1333
2638
3011
1127
4560
3467
1861
2156
4072
702
1207
525
2828
444
1003
2388
1326
1848
136
6200
4843
3460
6593
3474
1742
5452
5846
6489
2648
2662
144
4700
5191
575
3232
434
2921
5950
4947
4679
4205
1741
1445
4941
3217
198
6097
786
526
3255
6058
3706
4847
4658
2859
455
6583
6817
2840
4922
1
1088
5941
4699
3057
1137
4776
5815
5965
5965
2964
5481
1140
5934
4894
686
4047
4008
3115
1487
1015
4855
977
59
6796
1911
2586
5886
5875
3778
4576
1819
144
5507
2153
4510
5481
6175
3127
5553
3299
5896
4880
2855
3647
2804
2844
263
2853
3233
1663
3809
771
2134
5757
1964
4493
4276
5207
1682
2411
2960
1636
4345
3903
2095
5228
233
2418
3928
3329
6868
2200
6204
6671
4814
1914
4705
2758
131
1763
4665
2751
1453
1788
6384
138
1999
4188
442
4332
4238
4551
2731
2900
1784
5859
3860
3091
3036
2708
2259
6774
5418
376
1818
613
1749
3989
434
867
2323
2639
360
1570
2022
511
6457
2092
6581
5727
4859
2220
2453
5523
6374
244
1268
2913
669
6109
4368
193
4132
4074
4595
2018
2730
183
38
6415
2428
6276
1735
2992
3835
5484
3866
5560
6980
4915
6742
5245
1335
1427
2379
3545
6079
2773
6241
5735
6785
2033
3825
4403
5385
858
315
6279
595
296
2545
3594
950
6870
5576
6254
3478
4604
3425
4367
1766
2645
2982
1636
96
4891
491
491
4066
4770
1374
969
2174
724
4483
7020
726
2389
2970
6865
6686
6682
1122
499
294
6306
4541
3723
966
5934
6849
1371
5877
405
3655
3064
5767
7041
1098
1754
2247
4133
4717
6911
1790
5221
1507
6271
4555
4931
5613
5451
58
1713
4213
4835
3880
4734
1838
5754
2326
6268
1662
4603
6714
3198
201
4964
6040
4944
6190
4589
2485
411
5521
1634
1758
4002
3637
2194
3
2394
6651
5426
6310
643
6342
280
4433
4397
5425
2916
3536
1363
1650
1533
3818
2605
3756
4845
2763
4683
5542
505
887
6500
63
3734
2139
485
3934
3028
4372
866
879
3802
1163
3172
6658
6544
2639
6146
2974
6509
95
6172
4608
5757
1311
5052
2891
3579
2572
5675
2059
3623
3537
439
3367
5948
873
2673
286
3393
6941
4059
6751
2517
3988
6016
4187
708
7061
6458
4100
3474
1178
992
1259
4038
4747
1254
1918
2352
815
2557
4471
5416
4124
6990
5039
2588
2429
979
4080
4996
6144
1208
1768
558
421
480
4702
5181
3860
4011
1045
5359
5883
6763
1853
1577
557
4042
3388
6153
2640
4062
5182
3479
3157
515
5518
4941
1009
903
4032
5134
4455
6407
3487
6120
2729
114
4630
2500
3136
6972
4299
2361
5936
833
3124
4075
5324
3557
276
1845
6998
4087
3551
5527
6886
1842
281
5269
3833
6335
6544
2424
106
5855
3466
7030
1298
3654
1828
2445
3990
2954
6402
5271
445
4128
4063
1495
2051
6379
3815
4096
817
142
1253
133
1683
1529
2744
4888
6849
6051
2153
6658
7011
286
3369
3948
6178
1292
2815
5896
3122
1655
3156
3449
7036
1887
400
6734
4733
3286
3698
6752
5481
3583
3033
3298
1001
1112
5124
3095
5466
1901
2212
2771
6473
1192
6382
3364
4309
1210
3442
5565
650
4831
6400
1208
539
2272
3880
5691
6060
5973
562
1848
2769
5412
3873
6078
4819
4902
7044
3864
4417
572
332
1593
5325
3822
6599
3043
649
6427
1117
4363
4664
1323
6090
1951
6606
6711
1960
805
6784
1846
4714
5967
5720
6992
452
4378
3150
750
2728
4986
5628
6753
1738
5610
1471
1821
335
6903
1444
3194
6884
6802
6569
2414
4414
3954
511
2218
2396
2884
736
4908
4894
3900
4678
28
3614
4435
3095
5161
3074
6500
1734
2399
4464
4195
5423
6284
3832
4196
3720
2626
3495
2935
2099
2749
6476
4720
4170
5578
4151
4408
2957
4945
1719
653
1375
5143
195
2281
703
3783
983
5750
4154
5194
6561
441
5004
5542
6415
5333
3127
5854
3397
1844
6775
7056
2691
696
6664
3782
5876
2288
5660
1046
4035
3133
6184
6931
3662
721
983
1522
2439
5533
5678
298
3844
1992
2758
4097
4120
6659
3362
936
864
376
6453
940
3842
3775
1479
3610
6254
601
4716
1336
2140
3449
4254
3187
2636
5057
2029
6955
2896
4442
5109
2460
5152
6713
1660
109
1490
2657
2679
2648
2220
4162
4430
892
4253
2422
2411
1281
5030
1183
1241
5789
5102
991
1335
7040
3168
4607
1209
5863
2823
5572
6018
4779
1694
5456
4612
774
6378
3047
336
163
6890
539
6784
3954
6942
4152
4464
2843
362
5861
162
81
3650
5048
4720
1818
491
5874
6192
4754
4773
5035
1067
3960
6830
6537
6563
5982
2617
5799
4002
5463
3766
2657
405
5253
1903
626
3778
5251
5759
2850
6970
572
3510
2533
469
250
2470
5508
5454
2109
3608
4417
5550
6307
3127
2569
3435
3227
4440
1769
5079
6937
1178
382
5323
6249
2921
4099
5644
693
1850
2632
3777
3952
6077
2107
4611
3168
6340
3815
4743
4341
4218
878
933
1528
1427
2352
3280
1119
1442
2192
6846
2567
4328
4689
1124
5056
2795
986
3958
5036
5227
6017
3798
1372
6000
552
5130
6897
354
5714
5036
173
3127
973
6923
1781
2591
6528
5459
3671
5508
1834
452
3160
5221
4232
1727
6789
6564
2817
3496
2607
1972
5446
5598
2335
1091
2408
3523
528
5313
6008
229
1468
3791
6856
4305
5357
5349
1651
6612
2928
5678
5703
4980
5760
4412
5676
2276
7040
6948
5387
2804
2570
6695
2605
1198
4278
6969
2631
5065
4163
169
5870
456
2317
4152
1469
745
5056
2299
1922
1368
442
926
3647
817
54
1310
4267
6416
4452
3996
1220
2490
3401
871
3097
6816
3373
4460
2517
4205
943
4170
92
119
2483
2947
959
4618
4164
5787
4183
2326
4907
655
6278
4632
5061
5268
6826
5687
4024
2837
1010
5726
1270
2825
5108
1325
1817
1908
3824
4627
1121
6151
4700
6491
1598
2003
2597
6424
5304
6947
769
6937
339
2558
589
1172
5508
766
5953
1374
2386
1380
875
5544
6748
3324
4929
2873
4589
2984
3076
4300
1525
3633
2726
2215
5203
1816
808
453
366
3581
4957
779
5626
2090
4744
5078
3414
2366
2123
5585
1162
4423
3896
4367
4749
6045
3357
6769
4374
5793
1451
1788
1871
4414
4389
3313
855
1658
4434
4558
272
6243
2879
2170
185
700
5217
4683
5174
362
7007
1597
1958
4532
6135
2500
4964
3319
1393
6421
2817
2435
3339
6405
3031
823
2314
1301
6990
3857
6834
104
7019
6049
4205
5786
2803
6448
6569
2044
4585
2796
1646
3761
24
2423
5278
6331
6100
2340
4693
888
3508
6965
2080
3336
1870
4665
3136
3005
5640
4267
6730
4178
6766
4335
4234
1773
7026
4411
3816
1524
1831
3814
807
784
6341
2270
4532
832
1071
4507
3754
6574
3649
763
2704
1142
3406
4483
3628
1486
3091
4508
5851
6521
6528
6006
1780
4464
4117
3730
508
5705
1812
2948
2710
1606
1968
6411
1673
3574
1407
1620
6085
3852
1657
295
4562
2433
5105
3569
4643
6359
5881
6025
6550
555
4209
3511
359
1566
5976
1738
3679
5700
4492
2939
2717
2120
6657
34
862
6115
273
3897
962
2760
6213
3207
3202
4195
7010
4188
661
6404
6140
1528
6029
5824
1782
1497
5606
5925
814
925
6606
6697
3646
5227
677
2385
0
3701
503
2651
2067
743
1449
82
1474
299
5064
2843
317
2097
2471
5922
6993
4173
66
2995
384
2395
410
3641
2795
1044
3873
5774
6819
616
5659
4991
4395
6273
1034
30
6352
6261
3047
6367
3470
1450
6966
951
257
6917
4801
6883
906
4549
1023
2143
7023
3357
4421
3107
4662
6793
2181
349
3460
4819
4985
4037
5505
1952
5072
152
3670
3470
2985
2210
1357
4117
1202
2036
3437
330
1323
3887
6309
1240
1953
6603
2661
6149
4301
228
4829
2769
5607
36
3986
5691
2229
5079
6698
4640
6487
3025
84
6420
4506
3103
1145
2913
5161
3354
3786
194
4366
3368
4245
2060
4571
466
3177
5731
7062
5974
6911
951
2438
3379
2640
757
4177
2891
2793
6142
674
4471
5180
4546
2908
3455
2886
6055
178
5359
2072
578
6108
3468
4692
649
6810
4146
4744
3808
5927
4529
4720
4253
4054
2003
5726
5931
5591
2752
68
4417
2253
4258
4484
6695
5632
5214
6007
3757
4807
1017
77
6351
5559
5914
2056
1160
3466
2082
3949
4144
4751
5167
5801
2515
5596
5645
1893
5521
3999
5114
2195
6626
372
402
2041
5219
3599
5180
4398
2274
4955
2256
5288
6707
2209
2120
6456
614
270
4023
3086
1433
414
219
7052
472
5473
218
3955
4349
2137
2486
6122
1269
5582
6136
6637
6879
6357
3603
1702
1481
692
928
5957
4757
5985
2307
4067
3267
3960
6861
2715
5467
2554
893
2627
3875
3614
6247
5521
2087
5307
3983
5765
6316
5372
5405
4678
1972
844
3376
4951
6318
2080
1555
1758
5124
1993
3424
3076
5753
6862
2869
6349
258
3553
2003
6856
5875
6374
3033
5346
3287
5138
6231
2215
3580
4246
4918
1359
905
1722
2843
3609
562
1917
5655
2994
6194
1960
7000
1893
2952
350
1251
5045
4194
1381
2538
6986
6701
3601
6170
4880
86
1529
3271
4037
2413
5659
2320
1974
26
4786
5347
4567
5357
3149
3208
2012
6828
3604
1165
1078
3922
4609
1233
5997
2254
4795
6819
5859
5946
6737
4096
5052
4192
735
4410
338
4372
2594
3700
1416
2662
2257
1706
3071
4454
3739
3213
5331
1250
1882
5417
814
3661
1624
4616
5299
4535
4906
2079
2453
961
2572
2181
3404
5975
6132
2113
1528
2981
3136
6927
6300
2522
626
5614
1070
6949
696
71
4069
4767
2785
0
3244
6248
2596
2190
4262
2637
6768
4597
4496
3822
940
2559
440
6747
1120
2088
1936
6335
502
4902
4555
849
4694
1690
3171
935
3076
1319
4679
3107
6501
1767
2155
3722
3184
897
2821
4717
712
4265
6222
7027
4618
6647
5876
3027
5669
266
1927
907
754
6969
473
4208
3375
813
6440
6126
6060
289
4227
4780
6196
5451
6098
5760
4811
4918
3839
6493
6158
6957
4804
3405
6408
895
5865
5255
2899
911
1071
6129
5949
2661
5657
4840
5723
4372
504
5862
5247
6371
1915
4198
6607
5106
2728
3064
4215
3206
735
5973
1391
2982
3408
3319
135
4415
1349
554
6299
1718
2260
4447
4764
1842
6847
1665
5463
3825
2275
1262
2305
1063
3836
230
4395
6725
6655
5745
6420
4552
4513
847
1795
4610
4583
6744
5288
4509
1645
6694
1864
6358
350
1748
4568
6387
949
3379
4297
101
840
700
5380
2838
290
1597
6875
6556
3636
5265
5168
2423
6845
5240
7064
2437
3935
872
3279
4177
4252
888
2736
3399
5208
4062
1255
5629
5822
3101
4002
1191
690
817
4542
1327
1127
2108
82
4936
1245
2682
6635
3845
1765
7021
3091
6926
5285
2742
4157
6783
1587
2462
3780
6098
6957
3606
5642
323
5159
435
4164
3148
6945
2450
2016
3298
1066
6464
5968
2363
2469
2302
2409
2685
586
5554
6926
4397
904
5104
2156
4882
1125
185
189
5964
492
4280
2169
2745
417
4672
919
2631
5880
1253
3089
3999
3596
5006
2167
6394
5452
6961
1445
4687
3977
4748
3642
2516
1767
1379
2289
413
3022
4692
2034
2729
4741
3192
894
1583
703
136
889
5033
3362
1846
3910
5063
1382
6940
2290
5333
6573
6743
5646
1594
5858
2311
4830
6722
553
6423
6898
3010
1148
3584
6365
1066
6742
2400
5593
3683
2408
6699
4980
6990
69
1962
873
1418
797
6880
4758
6944
543
5218
2254
2028
130
2293
624
6496
1633
6399
4482
3852
2066
204
4316
3435
4590
2963
811
4418
5126
2652
3394
803
4294
6165
5587
6117
1385
3089
2776
270
3646
562
6638
2767
2657
95
6805
4097
425
2922
4540
5783
2548
5922
1065
6734
673
5866
890
460
1974
4925
819
4672
5919
3399
5969
1185
6182
891
4118
4165
6894
1726
1853
1244
4181
5214
3734
40
954
1621
1855
2770
1505
5947
1774
4903
6832
3131
5996
2103
5219
1003
6706
1487
6952
5762
5183
4257
3980
6385
2095
520
3735
6222
570
6205
278
3900
3351
2744
676
4774
3633
6897
6531
6351
5076
2619
5398
4078
5952
1914
932
4086
6760
5129
5798
1073
1591
2386
1282
3563
6254
2977
6939
1822
1118
4136
4934
4537
6815
3992
3297
1518
1036
4426
5629
2157
67
4791
2434
2753
5621
7011
3226
3782
4757
3990
2933
1202
4615
3782
4120
3868
6638
2753
1699
3771
1500
1180
6915
6361
1072
2212
1808
3399
7036
4338
1867
2785
3702
5450
5888
567
731
4367
1088
3260
108
1474
1226
7027
1339
4258
2759
4222
2045
4189
1526
2950
3519
2107
6900
4098
4038
4473
5935
917
5104
2468
1217
6868
3050
4468
5966
6151
4043
5649
46
4023
4267
277
1393
6219
818
413
526
4738
3369
359
3158
3070
756
361
2735
106
6547
2049
7000
3838
3075
3799
952
2442
7045
3606
4328
6338
2653
1296
1771
4166
6987
3978
4898
3166
5895
1701
4428
3132
882
1293
4873
1944
3082
33
1734
6116
3618
5224
2660
3973
6808
835
5383
1389
6165
6127
4186
4103
174
226
1377
4493
5488
4204
5998
2793
7030
1491
681
4643
2566
1134
190
5671
4468
4774
5358
2834
192
3669
1377
2598
3148
5560
3705
6828
4455
6427
2462
6935
1537
2460
5056
4376
961
4378
1650
5004
4377
1463
3938
5978
2868
6569
5181
2097
1129
132
4926
2369
5289
2656
4374
4424
3270
4751
451
1454
5746
6703
2118
2363
4989
959
4642
3924
2347
6801
6280
3976
308
3743
7056
6678
3738
5992
1876
742
5876
2165
4617
2874
989
1698
5733
1524
1862
3149
4868
357
2985
920
424
4405
799
900
3329
4712
4898
2821
2610
2019
2449
3013
4682
2525
4108
2878
3681
4438
1576
2930
3475
1511
2638
3851
2967
910
5469
1203
5058
243
5166
2724
3489
3983
5079
5129
774
4973
3240
5193
5547
1748
267
6450
3117
1092
6848
4453
1109
6137
3773
902
4735
5968
5216
3612
2818
539
7020
607
2125
141
6227
2751
6970
4802
3014
1577
2945
2098
3396
2700
4757
1290
2783
5418
6427
7034
1336
4746
2152
2986
5098
6179
1914
255
1096
1161
2813
5801
6496
636
3527
2551
5031
1621
4384
4774
5008
4376
143
6536
7051
563
824
4621
3781
2733
3284
2808
2839
1273
1948
754
5599
604
1855
96
979
4724
3745
4987
5355
3037
4411
6561
5161
5587
6383
2151
4703
4065
4200
1879
1560
5804
5434
4083
4277
3986
6158
2439
1260
5532
5182
3449
1168
2712
1437
2256
5659
2252
3579
2998
2973
4997
1237
3141
1590
7031
6167
2935
6789
4308
2118
5619
2281
3957
5107
4220
53
3847
2077
2899
5247
3027
358
1292
5426
1346
81
767
2033
5569
4267
95
2029
1870
6367
3976
2451
3429
3055
4032
1426
4226
6530
291
1655
2611
3364
3190
3866
6793
3593
2016
341
2909
3856
5256
6862
640
5488
2420
1149
1033
5031
2584
3165
2947
3025
6512
642
3244
1327
3342
6089
2577
5637
801
5868
1500
3824
4244
4513
2866
1404
3545
5191
2989
2487
1899
1295
435
5363
1215
4037
3627
3302
160
5645
1740
5755
4466
1041
1810
4648
5098
4830
5421
6571
6696
4046
808
6182
4841
1212
6582
167
4554
6900
7028
5394
328
1400
1622
1953
3317
6605
401
3869
4084
1906
111
2403
2165
4901
5267
715
4540
4254
5688
3124
5283
2919
6796
4972
4833
1143
6781
5283
2952
4864
4290
6432
5854
2863
5416
4792
4693
4874
3132
1395
410
838
4400
4450
3200
6513
5662
4103
1723
14
3833
5253
5942
4672
69
4634
2373
4394
1394
5584
3827
4717
6805
1207
368
7
1791
1333
1007
6978
4391
1539
3594
3719
364
3693
386
2362
1913
1207
13
3719
49
1696
3520
4707
152
802
6312
38
5240
2763
1283
3284
4232
7038
2901
1684
1210
6395
4300
3685
6387
5431
4352
3436
1465
678
2633
5054
1571
2956
4356
4767
1114
5387
2423
4696
1627
4024
6347
4054
3198
939
4176
1530
848
5387
3904
1589
4708
2907
3599
290
3402
6975
5544
4874
6583
600
4151
5494
1130
3827
611
6027
1333
1100
904
3994
3442
4294
4814
3428
2525
269
5649
6160
1281
6688
5500
4331
1007
1258
2403
3418
6423
3051
2031
2855
6688
428
5630
4666
705
1449
3300
6563
4952
3030
1519
4371
1979
4118
4734
1685
3489
6637
6485
6156
1980
305
6790
543
2979
4052
5878
1407
5736
2375
4815
4931
2912
19
6251
5263
5840
5905
646
7045
4927
1564
4511
3158
2391
6608
112
1556
3958
2493
6664
2745
807
4319
2314
3972
6957
5701
5318
6696
6891
2633
3539
0
3008
3298
296
6685
6979
3974
3502
3435
2069
670
6849
3096
3163
2136
6514
3912
4632
5847
1969
2492
5268
5028
3378
6227
3744
6927
2782
3252
4710
2450
4958
6066
2126
6988
894
5118
6908
4167
6271
6779
4609
4966
4411
5768
4947
2172
6393
3568
2823
336
2306
5817
4634
5269
1335
1371
6501
5306
3861
4955
6128
5075
1271
1278
5516
456
2301
3182
846
4907
2428
6538
2866
5756
3093
2358
1377
7009
36
1501
3571
3093
45
978
5116
1107
6217
5271
3711
4631
1553
6150
6627
7028
2559
344
2154
2643
299
3201
1053
642
4887
5153
5529
1075
518
5098
6957
3813
5340
3632
2581
6221
3319
2821
2257
3453
5095
131
821
6378
6396
2124
6051
2753
4819
6040
690
3523
3893
3909
4083
5990
6727
1702
5275
6653
494
3526
3651
5314
6174
4283
6001
6383
4247
5280
4542
294
2845
5917
760
4185
693
5290
6621
5116
5323
6603
2546
735
6911
7004
1960
1630
5759
4914
2633
125
665
1876
1656
6745
1471
4308
3587
5966
3762
5959
5920
5919
2228
2456
3600
692
456
500
6818
4393
6564
777
725
1883
1045
4033
809
2883
2456
2274
5582
5667
12
4238
1672
4550
5492
6696
1602
1125
6814
4703
3716
1768
5758
2628
2173
3212
60
4625
3025
5676
161
4734
1494
105
6518
6371
4092
5128
1204
4833
941
1018
6463
10
6431
455
1127
6506
209
2189
3656
2427
796
2592
520
1441
3585
3960
6231
4334
1281
7052
5338
4276
5373
2419
79
2798
800
1408
6981
2668
3115
1192
4649
6030
5854
205
5887
1965
3999
4249
4109
1380
1387
6322
5781
6739
1248
1875
6733
546
1592
3631
4570
1610
4901
1854
5781
2539
76
2704
6243
6411
3136
1331
6975
2930
3780
4694
1062
864
2785
1589
94
1954
3244
425
4962
452
2470
6088
1267
266
3621
5886
699
2582
3909
6036
2141
444
2860
3700
6782
1849
5565
2653
5625
524
1520
6846
3805
689
5467
3802
4965
3789
1599
2228
603
1477
6281
3442
1728
1290
4531
840
1725
3065
4438
135
5260
4565
5533
3063
1053
1062
4251
4612
3524
5385
2404
753
4720
2982
5825
3663
3616
5279
1254
4258
3408
327
1821
1191
152
646
2301
2966
2472
6899
5666
3718
1372
3057
2033
6842
7043
5216
6503
5108
1707
6103
3751
6587
461
1680
4967
6906
5839
393
5707
1190
6055
3505
4705
2376
5742
563
4328
2133
1484
1411
1869
745
6762
1275
3703
1013
239
2953
4801
3850
3744
1684
2620
5829
3852
506
4452
6011
4220
5618
625
108
4636
1292
4302
840
2206
1536
4855
4345
2780
3196
4962
2783
7042
4393
105
6037
3976
3219
1855
3094
1706
6348
6273
5311
2147
420
2034
5454
6546
192
6296
6936
3927
2639
3471
4677
6565
6036
4459
5848
270
4502
789
1010
451
1490
1395
3390
1820
6848
7005
436
3559
3487
4911
3005
1307
1794
47
1593
3149
6064
3367
5882
4010
3695
476
959
3783
2245
1456
4515
5291
5243
2081
3682
5301
3277
2210
1043
959
1279
3684
653
4918
5089
4336
235
4473
3841
6112
583
6095
3024
240
2566
6033
4804
1018
5976
6712
209
5307
1269
4803
2732
4180
4160
3115
4472
4223
4662
5519
6034
1547
2971
1048
6666
2428
6706
3330
2871
6704
6590
1268
5533
1043
6658
4523
2827
7015
1295
2070
3108
2980
1389
6446
4730
1527
871
4062
2628
2994
4394
6909
154
4134
159
1783
4442
5340
1922
185
4126
4459
6742
4537
2605
2671
4833
5132
6687
2093
225
5809
1209
5305
6348
337
4600
5772
2517
944
1973
4642
3862
4151
3700
859
172
3387
3956
6655
5125
6827
6278
4354
2911
3984
4585
6858
376
6005
5712
5242
401
2536
5180
4768
1384
2044
1996
6133
3859
4925
3182
453
5787
6078
458
5431
4194
5809
275
433
5321
566
4833
3769
6012
2669
2494
6215
6801
670
5647
606
2296
6678
2748
1123
6897
294
3251
4304
3424
5923
4833
2319
5973
2036
1416
221
2745
5561
2244
1729
1294
6048
889
4373
3874
4113
4812
6374
6153
3092
1836
3060
795
230
5640
6255
5562
3951
4761
56
1525
6064
2606
1928
6943
4171
2818
1601
3697
3633
1116
6371
4183
2460
2148
7058
5455
3380
4134
6980
3486
4493
3581
614
592
991
4675
6724
5386
1015
4898
6967
5527
4438
2382
636
5982
3524
6007
851
480
5900
6777
6737
4552
6505
5965
6853
5970
3939
401
5890
6165
2323
1232
1390
5781
7037
5426
5451
888
2193
4924
821
707
6937
6229
4416
845
2872
3760
540
843
4828
2859
2641
3488
5016
419
3335
2230
4324
5367
5664
4283
474
4207
1232
621
2016
6384
3207
2196
479
1120
1761
7023
1460
4138
6521
4532
5981
2369
6077
6517
469
6762
5044
57
2393
1425
5184
965
2676
3783
308
2837
2930
6371
3678
78
2983
4873
1864
506
4532
2984
1586
5983
4647
2817
208
3378
1150
6522
6160
6421
5154
5642
2831
4064
2529
3532
3736
2334
2883
5172
4508
1506
1880
3632
5551
1253
1725
4257
2917
3551
5788
103
740
6596
3929
4746
5887
6404
1101
1001
801
3814
5301
2363
1827
6195
6729
5092
6974
42
539
237
6998
5946
4571
245
5776
5655
1961
3309
58
2313
2433
32
299
3542
3057
7064
6530
6489
5101
2260
3592
4007
34
2993
4196
1166
5788
4726
3980
4346
3548
4021
6403
5776
4572
2373
1218
3960
2896
2264
6759
1427
6653
326
958
1902
240
3217
4062
1026
3217
996
5543
5795
6393
1281
5658
4299
1118
2078
1424
2149
3968
2654
629
473
4163
2245
5391
1989
6725
499
363
2796
1948
4968
2733
784
6362
3834
5926
2213
4555
3781
532
4379
5277
2732
1402
296
317
2288
281
2359
3818
6395
4895
1717
5520
2177
1717
1730
6144
6933
388
5973
5829
3159
2263
6878
940
3139
1629
4665
6749
3886
5978
2910
4623
5122
6116
4201
3618
3962
3230
2839
1867
279
6359
4553
1074
3701
1539
3577
6564
5618
6744
2999
5959
2568
5792
4698
1762
1818
3485
1898
6081
4884
4252
5594
716
3654
5710
4190
3002
2703
399
6512
3988
1811
1560
5070
5948
5016
4914
6055
3915
5825
3055
2339
908
6798
5134
1870
127
1204
5756
6067
1437
3610
3689
6195
5668
6466
1439
3942
1065
3308
3572
4297
1928
3241
4517
5537
892
1955
3922
1976
6588
6738
5278
6599
368
595
2155
4057
6098
6579
3665
5920
5379
6899
4552
5749
6422
4159
3808
2389
3470
6977
5267
5535
5192
5086
606
1662
601
5080
3219
441
3516
2116
5862
5592
1730
510
6185
1652
1903
6031
4636
4338
3327
5325
949
282
1262
3394
2777
1127
4560
2641
6170
942
752
541
763
4465
4672
2440
3304
2669
498
4593
1642
3290
3882
3302
229
3298
5069
4364
3599
5328
2795
6119
1955
1517
5444
6790
6399
1211
5427
771
868
1362
4122
3597
5840
1840
7016
5281
3737
588
1631
6959
6367
7026
5355
16
5806
4750
3906
1985
6345
5057
6666
4300
1329
4823
6495
2705
4834
1907
3030
1928
4666
881
1214
1620
5991
132
6870
2027
6986
2928
1491
269
1082
2701
3600
1073
5853
1766
689
6355
3360
3992
642
6059
4605
3939
6044
6707
3550
1183
2324
3783
5947
2017
5837
70
1745
6299
2423
4299
4046
1456
5405
6629
3032
901
4468
4646
5115
3502
2831
2950
249
1219
5782
4302
2352
1635
6003
2273
6042
1142
3416
4983
2701
5552
5371
2500
4
4277
5963
7002
171
312
3349
5389
4077
4472
4356
1607
3892
7011
5466
1585
4414
1340
5237
2304
1173
2286
2858
4964
6374
3829
521
912
4971
3954
6279
3355
1239
2871
2142
6389
1455
3792
4731
864
2516
6731
194
2292
152
1458
1861
1233
3170
2307
4863
2252
2459
26
507
724
2126
1932
5888
4794
4389
3395
240
715
488
969
4338
4668
2327
3197
6135
1685
2770
4251
2209
3117
2420
4940
569
4630
1382
5689
1018
6303
2805
1014
2729
2917
1581
4565
6114
1105
2380
4774
1679
4635
830
6167
4098
3811
4586
6891
6289
3443
2093
3549
4063
2701
3509
5311
428
5085
5960
2102
430
5565
8
3289
2722
3070
1629
5828
304
801
3616
1008
683
2712
3384
2647
798
3393
5659
1507
1519
794
2384
1693
2166
1599
472
530
5611
5591
430
2858
6923
2909
2574
243
2631
2476
2275
2577
1664
1750
6977
1372
4239
5139
6392
6440
1915
6452
168
3640
526
660
2450
1197
2412
1528
1901
5267
4805
1549
160
5640
4372
1597
1984
1291
4817
954
1388
5554
6241
4370
3321
6432
4291
3414
1224
1677
553
86
2188
1641
3633
3151
5878
2219
264
2581
3776
2409
4431
1146
4763
6351
2176
579
3529
4844
810
1388
3328
436
6470
332
3145
3057
4852
5877
6117
4095
3316
478
3358
4277
6984
1458
4154
5091
6979
790
6440
6503
2928
1579
5613
3464
2897
5731
1125
3834
5594
3498
426
468
3420
878
1284
5050
1696
2758
6845
2171
6518
6123
2225
4049
191
4301
4880
5442
1888
2525
1566
602
3565
329
3728
3374
746
3695
1114
937
6798
5743
1274
105
1520
537
249
6989
5576
906
2449
4113
1712
1886
2575
295
3223
1757
4906
4389
4307
5816
6265
6246
5897
1379
1149
2158
6824
6830
1112
1098
6671
28
2874
4196
6507
4935
6050
4077
648
726
4374
6428
1406
5411
3815
253
5748
623
958
45
3482
605
1575
5892
5316
2714
1349
5025
2332
5431
3378
6280
6979
6853
2157
705
772
6643
487
3506
1021
1083
2758
5919
6779
6440
3755
6907
1589
3401
6194
4643
6095
820
5655
6965
4365
412
5135
2507
62
2120
4514
3607
6317
588
3186
6451
220
2444
2786
3450
1084
5423
5012
218
1115
1469
6036
5833
818
1826
5466
2486
507
2744
1983
787
2501
3083
539
3636
1929
3730
6870
4221
613
5012
6415
262
1248
6080
2823
2722
2341
5491
4776
1206
6498
4020
4005
1591
6506
2100
948
4389
2550
3829
5537
1915
6512
6109
1081
675
266
6323
2460
823
4976
4695
2742
5563
5089
4769
4393
6859
2813
32
1593
5903
6561
4262
3030
2351
6909
6300
631
1783
4609
5994
3343
4092
5162
163
4800
3589
3133
799
554
3940
2557
3289
5882
2777
5185
1503
1570
1953
261
2776
1311
4618
7043
3094
117
123
5361
2798
4556
6381
2011
5965
4152
2696
1447
5303
6295
3168
4214
2760
3175
6268
3982
330
4579
1340
758
1323
6948
3997
863
4587
4849
5941
359
1518
1915
7003
1145
5349
6225
5350
2220
4419
6346
5743
1669
4030
4951
1450
3014
6251
2402
5435
6971
1708
1621
5557
1806
5816
1278
6470
6519
4142
6990
3556
2509
4191
6670
5608
3729
1445
760
4390
2015
6207
740
4796
3245
1585
5913
4234
6827
3765
2007
3249
355
4095
4323
161
1240
1504
6374
6633
1369
1466
4278
4085
4332
4112
6023
805
1848
4287
1010
305
1077
6914
2892
4637
5714
131
6909
1528
2969
7054
3313
1176
4177
3973
2802
696
1542
5647
717
2470
4426
327
733
6817
355
3431
2706
1582
6001
5912
3079
4239
3232
2066
5725
3255
1589
2354
1244
5671
828
1208
4929
1063
428
3416
5823
2436
4523
2840
466
3503
6095
976
3708
41
4149
3920
2854
2625
2531
522
7033
3923
3412
3155
1563
1714
5606
6776
1443
4976
1424
3769
2199
1448
2671
5997
3683
6093
5402
6202
7
503
550
4868
6060
2165
3361
650
3290
3309
2895
6283
1342
4973
5061
4725
3067
1670
3936
4725
3212
1788
2910
1692
6657
4839
5074
391
4922
3758
2367
3794
6951
5413
1634
3985
1794
5995
1085
2236
101
627
6100
795
4893
894
6042
5890
2074
2940
2820
6001
1144
6291
2144
5900
6447
5438
2435
6275
5814
333
4625
5692
4077
6470
5614
2173
363
4297
2515
2005
6903
5435
2946
1027
4300
1965
2962
2229
5321
3658
4201
834
2746
7062
3778
3935
5770
2999
4838
3227
5294
4744
5345
4790
6627
4612
1229
6859
4356
302
5434
2901
6979
5869
674
5865
6659
5782
5832
2762
3030
3371
2892
5047
3360
2333
4179
1579
1859
6596
3849
2097
5302
3001
919
5374
3022
3724
1106
3004
3516
6665
3236
3702
4144
5651
3382
6683
2712
6039
814
3060
2341
3335
1623
6309
6771
5280
5713
3820
3179
4159
3418
4513
372
4523
5119
807
2191
3212
569
6824
5466
5191
5861
3178
1815
5189
1654
2743
5310
3768
6979
1710
5674
3669
2761
1656
7034
4731
1666
5163
4306
5147
4630
40
5781
6413
6917
3783
1768
6779
1809
6416
5002
2119
2039
4591
5877
6233
646
6937
6468
596
337
4411
2815
3292
4944
5091
4701
932
2205
980
4449
6492
6456
5954
3288
375
3701
3993
4949
1563
4818
1233
3859
2781
4730
452
3471
4513
5569
4916
7038
5110
6230
6889
6905
6928
6264
3073
3767
5015
5140
5769
2184
3554
913
6072
6701
688
4511
1486
4280
1238
2013
464
5479
4068
5646
4234
5486
5550
7010
3158
1397
3112
4861
2428
1087
2560
6028
6504
644
1771
1942
5887
6205
3523
1170
4287
1227
5710
4013
4213
2949
2700
7062
6929
5889
3289
4402
180
5443
3338
3308
5315
5499
4690
5127
4704
4758
4961
6277
3676
1182
5474
3202
386
5704
3803
4920
3229
5369
6516
1653
4527
1076
4514
2110
4916
2826
939
5179
2522
328
89
3626
6603
6889
4610
4569
6782
4999
6874
2898
1447
4343
465
1414
2431
3568
5988
4665
3469
5358
587
1374
6959
662
2550
6633
3147
2426
6553
1967
2139
1641
4525
158
3038
3227
4633
4389
3810
4106
1320
4736
428
2755
4498
553
3167
1331
628
6603
6850
7056
3115
1393
1304
3262
2561
3479
689
6538
3800
5760
2982
4882
416
2820
4227
3012
1047
6936
2768
4633
755
1631
583
814
3939
7021
2912
4164
5801
7000
3423
7048
6327
1270
2312
1148
5452
1885
2635
2465
5157
1722
4003
3983
3712
6290
1510
2976
6575
4934
1951
6854
664
489
4210
6654
1881
3540
878
3778
107
742
1042
3216
296
1785
328
6262
139
4491
1446
6863
5754
4014
6830
3385
1615
1758
2152
2762
804
4406
5914
6558
4854
3086
1459
1689
5242
3136
3733
1846
784
2855
6249
4069
1060
3410
3995
4442
5000
6744
4449
82
1559
3084
3588
841
4332
1723
5443
4309
3172
793
2279
3241
5204
908
1515
84
3844
3040
4127
6651
1345
6312
3825
5267
2355
2186
1154
1552
4897
5308
4652
1254
889
6907
763
6927
3381
2086
105
5125
848
5290
5261
2359
5215
6720
5780
5417
6836
6493
6180
6712
3367
4608
4458
6606
3685
2749
5479
5008
1237
900
4463
2933
6309
4112
1136
685
5210
5873
3114
812
3990
4329
3461
5489
403
3951
1332
726
3700
3304
852
3746
372
2975
3697
6470
5238
4613
2483
24
6941
1287
4987
4390
3907
317
5730
6611
4499
3334
5555
5377
1080
3698
5281
5940
4607
2875
6857
2206
4163
6346
812
5989
367
4381
398
3517
5627
3014
859
2352
5089
3653
241
5799
3203
4330
3004
351
1303
5843
1628
7049
938
1796
2797
3012
1698
398
1661
2815
6508
3303
2752
6904
5204
3572
5998
6501
1049
2627
871
1343
4424
6916
1904
5140
1816
4080
980
6088
5347
2451
6002
3657
4658
2938
2331
1326
937
4343
6999
6534
6704
4026
6955
5819
5564
3425
5074
5101
6920
1702
3215
5510
3684
1199
2867
7034
5444
5125
432
5792
4434
1634
3750
2245
3215
4696
3264
4722
4277
2401
4830
5480
4477
6756
656
517
5163
6810
2626
164
2584
6654
3611
4830
737
5170
5533
4522
690
6073
3593
515
6095
2342
4510
5421
1744
4119
3990
6323
3458
6065
6526
3922
1708
1740
5451
2478
2291
1905
623
6506
53
6023
4021
5258
67
872
6202
318
1053
2851
5758
280
5565
1524
4491
5872
6181
1993
3436
2570
416
199
6202
3715
1012
3806
1246
7046
5721
3563
5985
2943
3159
6073
117
305
1386
4576
2680
4720
3964
2673
422
2463
2359
6444
2925
4053
1829
33
4031
3149
96
1707
1674
5849
2133
3574
3649
42
2564
2881
5842
6077
1009
4643
1484
3504
439
1220
4244
1
6969
3706
5016
4906
5609
2830
2203
165
398
2887
1464
992
761
5072
2418
4926
5680
5670
1542
6658
3316
4451
2809
1061
4116
3764
2825
5579
3204
4421
2889
4205
6804
5627
4063
4537
968
2483
4232
435
2123
6464
4415
6114
6660
5096
4491
1150
406
5528
36
4046
3372
6984
5505
5420
3051
2085
1186
5594
2584
441
6598
702
553
5461
2272
1322
944
5602
4697
6118
6348
4992
6513
1908
4684
5481
2890
2812
5777
4724
1118
6264
3725
5102
2752
3505
6154
871
4418
4374
3434
3238
5552
6159
4626
4560
2350
1233
2492
1032
2732
5337
1924
4388
3057
1025
6442
47
3769
2743
2420
2468
3055
6401
1415
6415
7046
1937
449
4926
1377
4451
1887
561
748
4565
7054
1520
2194
4552
3580
4600
6605
6123
3864
5392
4106
3310
3736
6973
5039
2253
7023
1339
4440
2247
173
74
468
2090
3801
4852
2786
180
2695
3316
5501
6382
4100
462
6138
1273
6821
1138
6896
5253
6836
48
736
2592
2830
4267
726
3532
4413
3760
4921
1673
4765
799
1339
2763
2294
259
2241
6437
5583
6386
2096
6172
896
6761
6818
2030
5143
4703
3363
5075
5880
3759
1018
4756
6263
5577
4931
2756
5698
219
1316
5424
4459
4638
5899
2003
374
6982
4374
1294
4224
5646
1725
5922
6215
4695
4285
2559
189
1146
1327
4771
6819
3792
5866
3490
6167
5273
4494
6723
6673
6339
1869
1313
6523
4524
488
3826
864
895
6774
2626
1864
3367
6422
527
1283
3348
3609
6230
6707
6523
3483
5443
1993
4918
5567
4451
6710
2468
3147
1219
2569
566
3161
6451
2712
6674
5310
5402
2289
1945
1193
4094
5780
6115
4439
6977
1082
5864
5896
6983
5136
3656
6665
2705
4906
4952
6403
5671
3679
322
5495
3838
4609
1610
2448
2140
6037
811
5273
4405
4528
4444
3321
3205
1572
6244
597
1063
3076
2308
2722
527
3273
984
2678
3863
4921
2813
5931
6306
4870
2311
6211
2553
1480
3899
1166
4250
4718
5154
5575
6326
4960
976
3788
2002
6390
3179
420
2155
1606
3753
4001
4161
2492
5239
2204
3043
3040
6720
166
896
2552
3704
2251
3397
5960
4748
920
4005
112
910
5534
34
3091
2093
3328
1578
1909
7001
4550
5572
4841
3431
460
3340
2496
5897
1874
5045
1451
2450
6503
3882
3967
2946
655
5276
6518
283
5287
6286
3652
2810
2711
1813
5565
41
1262
2512
1070
6488
4992
4656
3489
4589
6550
561
2121
1663
4158
4590
3298
4934
988
4070
6961
4595
4004
6784
7000
6592
784
3349
5257
2082
1032
6383
182
1330
575
3258
6644
2201
542
3068
2767
4045
4746
2320
2839
220
1669
1469
296
338
2308
479
5897
6371
3131
1767
2724
3735
1373
2669
1151
5943
6835
4702
1292
41
4099
3423
603
777
3023
4655
3248
4477
6028
5800
6357
695
3629
73
349
2178
3208
3773
4698
3006
6921
4211
2877
3732
772
5501
5094
6181
678
4240
4696
6731
5530
1615
5398
658
4240
10
5094
7057
6129
6984
3214
6863
2356
1263
2201
5551
3365
1741
1734
3661
1752
6718
3233
519
1603
212
1667
944
4450
1525
4712
6100
6098
4183
367
2826
5504
4006
4404
4623
6292
6140
189
4616
2724
5271
23
3075
1361
2633
3185
3355
6915
3880
3376
4752
3088
2298
5752
734
3339
3780
4135
6898
4048
4644
5413
4845
4588
6422
2187
6456
3729
794
6018
1007
5847
5502
195
3730
4934
285
1898
5362
6979
446
1689
5643
1046
1437
4244
1657
5012
3749
809
3128
4079
1212
1318
3214
1754
5094
6891
6131
5302
2942
4107
617
6852
6482
5827
3788
5631
6892
405
3609
1810
1042
5840
651
3182
3708
1405
7049
3717
1639
1223
4840
5089
764
3517
5176
5244
6306
6373
3517
5394
1615
2517
6954
1827
2578
61
3306
1015
3838
6878
1795
3240
730
5577
1796
3894
1017
6315
3029
1210
1150
34
7022
1737
949
2036
1324
5464
181
5349
502
3227
5045
820
6724
6583
4459
3584
1631
4746
674
3724
638
1175
3105
5433
1107
1924
6309
2702
7025
1858
671
6451
2934
6040
2652
4329
4129
3650
3511
4577
5738
6241
1065
1910
676
1514
6479
5097
5701
5442
4560
2508
5992
6782
2396
2752
3437
5002
3747
5682
1019
5687
5240
1742
5390
6032
5746
2153
6812
4388
225
2052
2117
5719
2588
2324
2303
6562
6340
1266
3138
3007
1761
4512
3059
7027
2673
3201
6210
4522
3091
722
884
5141
1394
2092
1139
2208
2761
4790
3498
4907
2560
3839
2277
3499
6975
692
5041
3996
2343
6807
2937
3223
3796
1133
5200
3568
4061
2617
4498
4234
6112
1683
3596
5047
5630
3461
2776
6350
5317
3534
1128
4285
5692
6342
1113
6970
6909
5739
5581
6206
6294
3850
498
1641
4103
3441
482
3430
4666
3476
6642
4275
226
5374
2593
3834
5225
280
1488
4060
169
6871
210
3538
4548
3393
6731
6328
5859
2783
7043
4173
6070
4570
4465
5573
5292
3366
759
444
3327
489
4719
37
737
5112
6936
1299
4457
2815
6616
2319
3270
5453
85
2482
6045
5529
2988
3930
3042
3377
6338
3228
5268
4602
5498
2176
5700
3578
4611
3586
2618
6382
4341
2205
1134
559
3862
2969
1048
2053
1640
825
616
4717
6831
2877
2724
2750
6406
312
4760
6202
4882
3846
2805
1464
4018
3857
3329
1660
319
2405
3186
654
4957
2486
2041
6770
3678
5736
4474
2849
6826
2737
2283
3913
3469
6771
3694
6219
5911
2597
6242
21
1825
448
3892
2479
6019
1743
2681
2817
6094
4824
11
227
458
1800
1323
2432
6943
4835
1573
6245
5199
547
3421
5185
6756
5965
5322
7013
4280
5841
36
930
2859
297
3688
4406
4973
1669
5885
5321
3700
308
6659
2933
3451
2124
1986
2729
5146
6814
5780
4461
3910
6387
5128
2208
3691
749
3272
825
2595
3643
2281
7044
1021
3434
6861
5733
2750
6385
5048
2058
3
1914
210
3405
253
6241
5003
5898
3955
5385
952
3914
1698
2077
2727
5890
2843
6241
5411
2239
4065
3974
6377
3253
4287
1651
712
1090
456
2677
774
2564
480
6555
4014
2479
1101
5417
5107
5989
4811
5554
4060
1328
4197
1584
1630
251
1060
442
3317
2597
313
6179
3785
1075
6022
525
4495
4860
1990
2151
4933
6704
111
4706
1946
4401
1862
2132
4276
1518
3599
5255
40
2625
3955
6165
1594
2359
347
150
2738
5259
2755
6512
6167
2685
2561
2999
533
4618
3481
2726
2945
6946
4840
3317
4546
1851
6725
5016
5030
3633
5041
4043
5022
3145
3666
4721
6069
2202
4467
5273
4732
1854
3232
4097
1673
3807
2561
6726
1196
6851
2460
1732
2110
5456
6517
2733
4968
1976
3973
5447
4123
5029
6145
3909
3159
635
429
315
5228
1602
45
6394
76
2472
5646
4605
2554
5198
1900
2117
1361
5793
1876
4091
3558
2449
6726
4201
3959
6783
381
5875
4866
5603
3476
5963
3212
1721
2122
6300
2133
4763
3153
4341
4400
2471
5435
3432
4825
5017
5581
3567
2664
4589
70
1699
1503
4096
6933
157
5149
5160
5501
2661
5602
5897
4971
5315
2567
6205
33
4510
880
3641
874
5466
1621
4364
5481
3178
5034
1200
1309
935
6421
941
6367
3640
918
926
2501
5956
2979
5331
4872
2176
3012
6261
2322
3335
5839
2423
517
4651
4262
5409
4110
5327
51
5354
3603
2347
4964
2897
6098
2222
723
311
6583
641
3751
3347
6192
6935
3737
1051
1275
6657
5235
4369
2913
1605
1867
7057
5156
3605
3062
6442
1351
665
6608
2474
6546
282
1998
1610
6244
4580
4737
1881
6595
1019
333
2980
1644
6479
914
6191
4308
431
293
5210
6263
1082
3235
4390
1213
1310
3901
6616
274
1521
1862
1565
4306
3762
14
4969
1991
2016
5387
6906
735
1389
780
2498
4877
3122
3147
1392
159
2768
4440
5863
898
224
1132
2701
6005
2541
1431
1196
3972
4287
1310
6749
247
477
5471
4084
3110
1730
535
3637
655
3701
994
4799
104
6035
1228
5965
6525
4146
3975
2252
3005
2047
6874
5402
996
3835
2960
1532
5790
1007
1630
1524
5595
1115
4401
2324
5953
1471
5111
2817
4098
5227
6419
3893
427
1807
1781
5704
2204
6792
5020
5787
3601
1400
2011
4896
2647
5436
115
613
1943
6451
5583
234
3459
866
3839
6347
3243
3631
1731
2584
23
1319
2264
2101
2555
1605
887
130
4203
5555
3152
1556
633
6936
1267
6020
5349
3360
6528
3365
6730
2967
1537
6949
1714
964
5107
4517
3979
2865
444
4123
121
3684
6802
6104
639
151
81
2104
6397
232
4861
1106
3285
2019
2492
6127
41
6500
5894
5784
3332
6067
3163
3347
313
2848
4050
1058
5939
5899
6469
4577
6773
2874
3531
6598
5961
5375
1124
2111
1439
4255
423
1942
5664
3014
6422
4316
5577
1362
6550
1920
5141
118
6796
2195
2000
416
5850
5962
6452
3554
128
6415
5964
6889
5557
5421
6815
1867
6695
1379
382
3535
6713
2563
3438
3964
4906
1028
6635
3755
831
325
751
1762
309
5902
4308
6685
2914
1596
1868
2349
1075
2447
3792
6120
2909
4703
5398
5484
1712
649
3939
2719
4869
3762
825
224
1354
4286
5769
3812
4631
5725
4074
2833
4138
4702
3355
4439
3776
3542
1132
6523
3097
1345
1848
2223
1548
2634
106
5589
2958
2989
3836
1951
4642
2707
2437
5605
1160
3810
308
4729
4721
2053
5860
446
4512
2421
2710
1102
4154
311
3304
4365
5711
5287
1911
1599
3630
4281
4205
3389
3828
3552
2773
4641
6680
4623
5524
2673
6533
1245
521
6026
1475
3626
3448
5293
4054
1406
608
2745
1243
607
807
2751
621
1948
4028
1751
6247
586
5081
2513
2857
5544
837
5593
2180
4485
1184
1866
2414
1191
6858
3751
2041
1002
6743
2782
2767
1704
2264
4071
1925
7044
5560
4829
1524
4515
2172
4605
2344
6902
3882
4214
145
2218
3251
4506
5205
461
5496
2152
2713
4813
2906
6533
1151
6999
1811
4184
1235
6606
290
717
2057
961
6475
4896
245
5237
1339
2559
1062
2140
369
6597
5045
5957
6032
1490
3721
4647
7015
2453
3537
6363
4837
6000
1991
2401
1689
2714
4922
3004
3486
5376
2415
3596
2718
6462
4148
2046
1981
4835
167
2951
4443
5205
6535
4054
3971
1912
4075
3831
5258
2898
1203
590
1527
3302
784
1554
4640
977
1995
1468
4767
6604
2024
6313
212
3232
4761
5936
4511
46
2475
862
6109
2125
1894
4174
715
3513
1401
4600
2647
4657
4262
6351
4696
2198
7015
6475
713
6935
2634
3715
6780
4964
3051
3122
139
385
6889
6683
2053
1649
6661
5657
930
5674
5055
2183
5193
3874
6079
5985
662
3196
4801
177
2354
5087
4647
2906
5350
5176
6690
2931
2855
1356
633
6165
4963
3406
4568
1464
6709
2400
2398
2759
891
3915
5639
5570
831
5266
971
5123
3419
1043
1068
2420
5066
962
2951
4993
3697
2578
3890
4841
6891
6042
910
6794
4522
5282
1021
4299
2843
6557
5481
1635
6186
3720
5123
825
3960
6965
3551
2292
5496
3152
2442
3282
1208
3453
3525
3409
342
1733
5808
6853
6885
1693
6959
6169
3088
4170
2277
1380
1522
2702
490
323
6660
1682
3074
6244
7020
1689
327
2377
3441
1423
6004
4796
6292
1964
3350
819
1108
1855
2844
3280
6661
2437
3055
3627
6382
1567
4725
3894
3385
5096
4029
4491
6403
2120
5787
1461
5094
3114
1314
2304
5053
5018
5519
4422
4811
6931
5942
5396
5891
3721
943
4028
4121
3970
864
1119
2397
6582
5418
5885
678
505
2421
6554
298
5573
303
3216
6592
6205
6408
2444
2784
1299
999
483
374
5933
5766
2085
4675
1646
2058
3814
644
3731
597
3053
4849
3437
4937
751
3826
4323
1684
3833
4154
2854
5573
4016
3761
2131
5405
3433
6180
2373
6109
6859
2459
296
4100
3699
438
2546
910
3539
4516
3663
4064
3062
5349
6496
3487
4121
2896
3214
447
3694
3165
6208
7043
5911
1132
3374
2715
1010
176
5176
4311
3556
2671
5201
6219
2335
2869
4297
2246
853
3725
4545
992
5062
1749
1561
2348
1288
4355
4777
6427
3646
2842
5125
3407
1825
6071
2407
4794
4819
2378
127
2694
4972
5997
6017
6803
2139
5106
5773
1290
6256
454
1088
4317
2430
1709
2902
1816
2115
1318
3690
5422
114
2985
4671
2358
2088
766
1381
2017
992
4741
954
6329
4802
4675
6483
1939
1317
3562
2290
5092
2031
2730
4918
4667
5813
4522
1852
6654
2605
5373
6452
1566
1524
6158
5454
5564
3735
5403
1985
6629
3106
5309
1166
3556
5235
4114
2485
3354
170
254
4441
1949
464
5618
4807
810
1440
2031
4985
4164
2126
5519
2407
2633
3968
2992
3682
5232
2563
2028
5029
514
4954
6163
5095
3783
2672
2525
281
4247
5965
4239
4907
47
4413
5319
2686
3507
2336
3638
4545
6165
3423
1819
6704
3999
4978
1284
1861
5615
5266
5700
5930
15
4110
5779
3298
4708
1167
3367
2191
6770
5769
924
328
4932
4485
4116
4331
584
7033
2555
6965
4601
5183
1103
3948
1385
1071
2503
1194
4892
5572
65
1825
4304
5770
2590
3572
6633
5339
2432
631
5972
915
3135
2841
541
2819
125
1273
1865
7033
900
2802
3097
2886
4470
6760
3095
1042
1524
4194
1684
2468
4825
7033
6626
3503
921
2985
6482
19
397
4593
4400
2099
2459
932
3170
2703
5279
1998
5703
277
4395
5796
6270
4259
2450
5355
5535
5674
463
4572
6813
5011
4900
5730
211
1612
1030
682
4072
118
6614
1521
1336
2735
3987
1192
6023
3780
6453
2163
1375
5701
4913
5905
3
1714
2705
732
1320
691
1072
5583
3943
3302
6068
4277
2451
2948
1294
2313
4087
751
2085
3730
2489
5553
5361
5019
6900
3295
1707
4041
363
359
452
4454
12
4701
5445
3658
3323
1972
5754
4838
4279
5465
4106
1616
4253
2803
234
2969
769
6753
5174
6946
2917
2031
5169
3560
5499
4664
5884
2041
533
5943
1385
3522
2196
124
5190
3234
5943
1368
3423
4114
1323
5199
5037
6242
2542
6214
2199
3302
4394
4266
2978
2139
894
4294
6402
5896
3978
5127
2352
2090
2593
1299
3468
3301
1891
6478
6603
6123
6712
2161
2920
6556
2323
4058
39
2028
5022
2029
6420
4608
6115
1042
4775
973
6314
5177
234
3616
2295
6885
6103
2010
834
4895
819
4938
3029
5752
3930
1852
6991
4224
2690
5482
6803
5036
5670
6548
5799
6953
2136
4018
1364
4166
667
1263
3992
1950
1602
4352
5401
4861
1739
5931
3959
5881
6667
773
5353
6301
1539
335
1135
3251
84
5464
2575
113
6993
4665
4088
2995
6143
3721
4329
2554
5334
4627
1807
5489
434
3989
4833
154
5906
5032
499
4671
5888
2631
4613
2772
3062
5064
2906
1643
6027
4992
1897
2149
6577
2539
4087
6659
6599
6837
2710
1448
2264
5522
6995
2473
3485
3214
3781
1231
6165
1193
3537
1325
2516
169
3988
307
1337
2298
3216
5409
5769
1870
1831
3209
4055
4601
1945
6469
6435
4372
4466
6944
2311
1588
1031
922
4111
975
336
81
4352
4613
3424
2305
5451
2352
3097
870
723
5951
2697
82
3984
3815
2503
6923
6513
403
973
3440
2605
3024
1616
6850
285
1297
2531
3399
5126
2002
3074
1739
1836
1453
5186
2255
5304
1142
109
5608
5241
5724
1273
1920
733
4389
6573
2298
4055
6280
3175
6057
3998
6071
687
4558
1663
2938
4644
5757
4190
6432
1936
2745
4186
955
5653
1786
589
527
5520
4311
3657
6051
1163
5327
290
5541
3054
1510
3473
6972
5914
2180
5620
5461
2976
3359
6308
2944
45
6668
4642
4020
6918
6399
1391
2355
6900
4724
6829
1350
1248
2040
1378
6202
5773
509
5561
6754
1631
6763
4304
3162
5649
3842
1199
2190
6405
6564
1816
3045
778
4542
2542
3909
5441
840
4023
2195
883
4222
1360
5911
6573
3924
1425
182
3562
373
935
6213
425
6879
883
3029
3917
3869
2247
2597
1591
6830
1164
3759
6921
5693
4853
1408
636
5745
6056
1487
5519
4164
4020
6995
2925
370
3709
1424
2805
4778
3310
1639
2960
1010
726
1188
4060
3368
1127
4581
772
5253
3672
116
4022
3399
2759
6377
1122
4587
3957
1110
1370
3017
1723
5789
6267
557
3272
1616
3022
551
4876
380
6080
1497
5054
5336
6106
5372
5200
1873
109
952
458
6880
5274
3739
3698
698
3395
5450
815
1908
1204
6385
4977
977
633
5366
2495
4228
6732
2845
3763
3633
4142
1385
1777
6298
2201
2596
1896
4716
3988
5256
5572
7052
3571
4724
2226
4031
3493
2159
4833
6850
5035
1762
3131
5862
6851
6214
3647
4400
3525
1487
351
6274
2935
713
2448
417
2125
2519
2252
4273
4001
4173
4399
6967
5986
3419
2591
1016
1128
3396
6944
5780
3347
7022
1161
771
3295
397
3577
1605
2636
130
1004
4885
906
696
194
6017
4322
5555
3135
4474
293
5669
3275
4312
3757
1400
4936
4293
3153
2336
5166
6942
361
6928
6535
6360
1691
7015
227
3555
4317
2495
2966
6250
5875
1630
1883
4862
1373
1134
6620
4288
4913
6528
4378
3882
1114
1397
996
4972
5388
5901
6538
1647
2695
3741
3811
2636
2217
677
6185
6461
3983
5713
751
5279
4982
2739
6430
2345
356
1443
6548
5951
4156
735
5109
6221
6363
4147
3018
4727
389
4476
2380
5458
4435
4174
1890
3938
5767
2272
5827
4418
1680
272
994
2234
3209
4591
1713
6958
4770
3216
1127
5198
4659
1780
1810
6134
5153
5487
4505
3317
3709
4401
6306
1987
2780
2318
2394
4953
3078
6304
1266
4909
3789
2559
1864
5911
343
4134
4132
5241
4467
4768
4010
6987
773
3679
6820
523
6791
5577
5079
1630
4357
5961
5902
5079
10
6589
1674
2184
6214
6111
968
4433
5249
6417
1060
4260
3659
20
2524
5498
4090
535
4008
1430
3998
5672
6367
5568
3596
4040
5519
5837
710
1611
5851
2201
4757
5630
2529
311
1924
3606
5306
6082
1350
4769
739
1274
6254
6569
1163
1608
1859
6670
3470
2415
3347
1755
5130
6652
4387
2331
1680
5590
7062
2413
3404
2235
5732
3196
4771
2542
4450
4049
476
3596
5200
3847
1889
1706
5195
2169
4572
3749
1009
6246
1136
772
3097
1490
4448
170
4671
5405
2016
5721
4595
6625
4557
1753
1288
7012
6916
4285
1069
6956
4705
397
1915
46
4814
1131
2937
3225
2706
5780
3013
3276
5155
2467
1606
4359
4442
7042
1859
5828
503
5405
695
7005
4686
6408
589
1990
159
4694
4770
1786
1355
3546
2044
3902
6541
3580
4103
4196
6795
976
6470
2240
6010
2529
4351
5766
5127
3574
2472
5925
6398
4463
6998
4499
683
5620
4889
1972
5646
4355
1933
6543
1561
1651
4008
3862
3459
539
2986
6069
3516
6619
2038
6286
1723
1439
4331
6010
6598
2288
6803
6527
3706
4320
5740
1150
4010
6329
4315
5934
234
4910
6240
3995
2710
1896
5111
2434
2227
2829
1051
845
6896
3420
221
5155
4868
4416
4437
3100
5943
6019
5427
1545
6211
5875
0
1052
2783
718
4413
3962
6555
1604
4198
4666
34
6764
1919
4314
1416
4192
1576
4232
5505
6396
1813
1553
3482
2690
6730
334
5752
1300
2749
2512
2727
4152
3565
3746
2923
5309
4355
1853
1891
3126
1506
3172
3355
3141
915
1542
809
5459
4705
189
6285
103
6319
4922
5875
1565
4493
6919
6267
4449
3276
1367
4828
1021
1249
2553
4331
5051
930
1982
6550
5968
4971
4074
2300
4961
4599
6026
2686
5454
5303
3515
5327
3565
5477
6107
6065
2234
1352
3832
2666
6528
246
2196
5306
5376
3755
4355
3307
6493
622
2217
4908
5716
3297
6696
4726
4423
4026
109
6483
605
3759
3132
3900
1503
6700
65
254
6767
5047
6574
6882
1047
2642
2386
1840
1402
3789
1230
1784
6555
851
1003
1622
5911
1670
6549
718
3919
3007
5977
2100
2053
1634
981
1580
6630
3499
1636
615
4629
2827
5699
6988
4
1086
1942
6833
6110
5062
4205
32
2710
2220
1491
2439
5272
2485
5292
6867
5134
4444
3017
5552
4518
4022
5490
3031
5622
6561
5067
5661
1323
1315
2850
3317
230
6202
6338
4190
5107
4780
6679
1887
231
2134
514
3052
4979
4009
2822
2323
6757
4328
188
4513
3987
1898
1194
5518
5731
2654
6333
2652
6990
5555
2513
3842
2785
2349
2751
2255
3569
4577
2127
2216
3970
6580
3118
420
435
5813
6340
4610
5584
6337
5191
1648
6900
3549
2571
1015
6633
6916
3112
4777
134
4143
5437
4575
1136
37
3476
2481
5040
1895
473
4075
3848
4737
893
2045
4502
7026
6018
5371
4555
3860
2604
5402
3135
1418
331
4605
6797
3411
1806
5317
356
3535
1349
3267
3489
5510
4802
6904
2968
2037
5328
4736
5255
3673
4581
5627
4624
5583
3749
3106
1422
439
3173
1208
5217
782
3895
4384
4507
4520
6748
2616
5849
1318
4938
1835
5775
208
5291
4633
4244
2231
6378
5386
5406
2833
2407
4346
7
2173
4128
2849
3809
187
1587
6549
1772
5271
174
2965
3041
4037
4
2749
6982
4359
2265
3739
6529
2835
222
5532
287
5989
4828
6930
3448
4098
3281
6237
1018
2636
6219
2178
3449
718
6688
4709
603
2020
3231
6146
6332
5664
6782
4805
5165
4734
201
6675
5454
4713
1303
499
1995
531
3871
4174
3642
1899
2423
2379
3789
4324
6809
5950
1832
2840
605
1249
3730
1768
2
5329
1513
1394
923
6827
5490
5425
3468
5651
1942
6170
6441
4678
1572
3787
3993
2987
1776
1492
2472
5699
3421
2700
4963
154
5387
6857
1609
4002
3461
3462
3246
5869
5786
6450
792
1241
283
2530
2731
6749
3801
1323
790
5948
2998
281
4134
6261
4733
6444
6691
4165
627
6750
4546
528
4452
6415
2103
472
7042
4655
5607
4449
1981
3365
634
3632
1793
2523
3441
5854
1114
4669
1961
4287
1591
4639
4111
5400
6711
2844
3410
6422
3366
4259
3544
6248
2065
5968
5711
2785
4088
4810
4657
613
2309
4863
1531
3170
5210
5223
4102
3807
1409
5629
3602
2903
5634
2443
3615
5237
2274
946
1437
6169
925
6682
832
1279
1371
6297
1201
2244
6503
1644
1707
5304
3765
6994
6004
4273
2463
2225
4358
4088
3421
6197
2557
1712
631
6498
2056
2068
6572
6243
1523
2962
5929
3729
6261
4288
3967
5037
3590
6924
5347
4979
6631
1066
3052
5213
3724
2459
3967
2558
5345
632
1738
1197
5227
2836
3960
1125
4892
3574
282
5175
5031
2703
346
2788
1589
2753
6735
95
1048
1601
1722
2875
6941
6054
2194
5231
5346
5462
753
6005
6397
5043
4209
2469
2728
6151
6305
2149
4911
1861
744
4173
2101
6571
880
6636
2528
1818
3454
4958
500
4714
744
5412
2867
5518
6513
5070
3850
2289
2816
5935
2418
880
342
2978
3193
2319
4310
1113
4863
6122
1201
6796
1919
5075
4952
2952
5659
3972
3085
2106
3292
1884
3855
5845
2718
2081
5536
2651
2754
3234
1022
3005
83
4299
2397
761
5943
3854
4
4827
4071
709
3704
3760
1363
3580
5077
6025
4841
3361
50
5267
1713
1235
3294
1115
4338
4279
3727
4406
1642
5180
3565
1987
2948
6781
5705
6319
5471
1118
133
312
2274
4299
3623
6136
350
4535
3317
1873
342
3459
3071
6441
3524
1066
2153
1577
4953
294
2786
2236
5048
3662
1179
225
5492
6250
2189
5276
5673
6075
3176
3030
2159
748
3737
4646
2842
1431
4379
6910
3154
4491
6002
6310
5244
354
5694
5171
6543
4399
5285
6639
2428
3129
3704
5651
310
3985
4835
2486
4401
868
3563
4112
5426
2554
336
3102
5157
5661
133
991
6488
1116
3642
3915
60
5315
2759
3119
4684
1811
1032
28
4324
1310
2969
1336
976
576
1289
5518
3973
6545
5477
742
1760
6513
1401
4354
3034
2956
669
1120
1439
2274
2329
5488
6328
1608
7058
874
1151
2303
1523
4742
3177
6811
5075
7017
5878
2641
1165
279
6188
6857
5227
6012
2055
1330
1464
5841
3567
553
2223
740
1121
5663
5222
4992
6183
6238
937
6743
3872
5006
5947
6153
6755
73
1872
1777
3244
6234
4578
6396
2031
1780
4698
4388
2287
6121
716
3111
2394
539
3005
5280
2607
4891
1649
6587
2493
1611
4127
1605
29
1829
4167
4139
6150
5672
416
1674
4704
962
6464
4500
3030
264
4623
1154
1580
4591
980
2137
4223
2759
2686
4720
6471
1225
2121
2852
2204
6756
5066
4614
1384
4497
6295
5532
6061
1513
3365
5749
732
4657
6628
6226
6691
199
6663
4784
938
1914
551
1472
5982
1628
4275
3986
1323
2752
6509
4786
2518
1620
2968
1555
4036
3287
3854
6590
1769
950
6633
4912
4527
735
5445
6774
1884
1658
3556
2269
1231
3466
1184
5749
5304
5136
3240
3523
5278
2744
542
4263
6212
1289
2316
6238
849
4445
911
1824
1776
5478
2360
6022
3789
5303
1811
1552
6012
1463
6755
1699
5437
1805
1757
2396
3262
5153
3964
39
6341
1990
3192
659
5854
5445
7043
4698
6057
6391
764
6163
694
3489
3330
6606
4253
6434
3188
2652
6520
922
3530
5077
1249
4773
6889
1518
2424
4068
6014
5491
268
4964
3811
274
6029
902
5716
5575
4161
4471
873
450
4914
1003
6897
6447
6172
1853
6751
1832
6904
7022
3988
6352
6080
78
4951
2202
6548
1902
3984
5656
722
1173
3171
6387
4470
5143
1405
1278
4153
750
2617
3320
2523
553
1683
5240
3709
949
1562
1035
4475
3747
4517
537
581
5914
7048
1213
6324
3185
3990
4114
303
6649
5503
4273
2669
4128
6155
5243
2510
429
2583
4686
4406
6493
594
3697
4207
2101
1564
144
3312
6231
17
3069
1955
6566
1683
2957
70
4709
3017
5233
3313
2094
1343
5749
5061
4810
5677
4701
5952
6252
3052
4837
6249
3511
2519
2391
2238
1980
6551
2166
3742
2380
5748
6404
5927
3641
2609
3597
1233
1190
1621
5464
4727
1359
4457
1606
3888
1379
3133
3105
1540
516
5638
514
1500
3549
2685
6199
6562
3784
1628
4789
6004
6397
3534
2505
3564
2439
5306
2011
2433
150
2967
2155
3504
4897
4537
2290
5449
4557
5818
3842
2328
5291
113
5890
5652
5460
4435
29
722
3640
6824
5008
4737
3286
981
6516
2599
1231
6710
2159
6021
839
2646
6142
1571
4740
218
3922
155
5605
4493
5288
5257
1577
3900
815
5709
3205
1307
1638
5797
1500
3558
5434
177
6201
2858
4753
2364
3154
4143
5698
2089
272
1447
7036
6516
6518
1034
1329
2502
2211
1524
5181
3833
5080
3858
3466
5012
6531
2832
3211
4898
5008
5541
3500
1331
4218
3932
4890
1524
2137
3933
1785
4672
6383
6733
7060
3017
1366
4210
4024
4600
705
825
2768
4921
309
4943
7057
2632
2342
1353
3055
3951
4446
6115
314
3928
6646
2955
2661
4257
1463
579
4032
3574
3907
4092
1353
5424
815
6196
2194
5204
6103
2246
6678
3021
5462
6255
659
1364
448
6752
6665
6601
181
2389
2344
2559
3772
1302
5285
4880
4267
1670
5653
1633
2033
580
4621
5390
38
5178
5011
3309
3840
4339
2142
5463
17
7059
4415
3197
6970
5115
6372
4335
4961
5183
4714
3307
5009
4949
2076
2492
6231
2154
4895
2145
4479
4790
1398
5122
4790
1164
5545
204
4325
3495
164
476
5164
4176
3934
405
4500
2890
2049
6951
3496
4271
449
4653
6942
6600
6168
6906
6247
1948
6377
1730
3223
4644
3944
1471
5241
2869
1315
633
2789
4172
1514
6596
270
3815
3781
84
3679
6681
4313
4609
3180
225
4433
4110
4288
1538
5959
2877
1113
6909
6419
1714
1008
2476
6818
676
1010
3109
2334
1496
4309
4583
3842
5186
160
184
2035
4733
4124
4819
3572
6575
4063
6207
2772
6442
6215
402
347
532
6063
3468
6605
6581
4968
468
1575
933
1078
3030
6833
5302
6898
4097
1598
621
2561
4418
2141
3563
1675
3738
4660
6806
4219
5673
2809
4349
6611
5283
3687
5127
4943
3250
3252
3017
1756
1674
3527
5256
2194
3840
5841
4824
5850
5912
2368
5756
252
806
1577
5350
4732
6634
2123
1414
3980
431
945
3281
3818
6694
1962
4914
2470
3640
680
928
807
2570
2365
5867
6668
2882
582
5585
1948
6899
5579
894
1874
1299
5308
1835
5745
6979
6351
4772
735
5000
4212
1141
3925
2123
6431
5228
1334
4466
2929
593
1646
6130
825
6247
4534
1937
2707
5388
338
2289
5251
6025
4324
5102
1144
6625
998
6272
3826
5684
225
6539
5690
125
1057
6412
6985
4335
6148
4845
6528
56
3922
5071
2379
5768
2354
3036
4172
1747
5359
3746
6353
6802
7039
2064
5132
3739
782
3695
3335
6599
6600
3564
3090
4076
4952
3992
671
6604
5331
4795
5143
4956
4721
2627
6458
2714
4778
1725
6998
2756
6774
2667
3895
3035
4758
4472
4590
244
928
4076
489
5783
6088
3788
3213
1854
4757
5938
170
4335
6081
3811
4168
4587
5558
3601
2152
1879
6172
3886
5230
4359
2987
2081
6247
2349
5540
4706
5366
5320
5478
3141
1140
4912
5779
6209
3571
4100
3585
5945
1833
1162
4188
3945
4764
6838
603
1318
5236
5320
4515
2695
5997
5398
2780
3562
4397
1008
1369
1224
576
5364
3698
5905
2913
4088
2311
2492
4922
6513
3290
5692
3099
3746
1772
5859
4389
3457
1496
1151
2599
5171
1919
1738
1807
2684
4205
4441
3361
4170
1641
2994
2186
6409
3937
2293
682
1160
752
5714
5739
4166
1912
6246
6259
3103
2248
7001
3386
2963
1406
1174
3837
1712
3780
51
4112
1035
4158
2734
139
701
4560
5549
6605
4752
398
5743
5592
6508
639
350
2900
339
1570
5518
523
1792
5392
4055
3237
5504
46
822
2598
5606
6550
2273
3058
6188
965
1690
5007
6042
4447
2404
6337
2816
6517
5937
5470
6192
6159
4982
3108
6795
5263
5779
5842
1752
1859
6454
5585
6120
819
5728
6451
2594
3549
2755
6557
3711
2060
4207
4727
4260
5981
5754
3902
7044
5350
3201
3977
3020
2061
4953
572
5981
4750
2497
2355
5294
3751
6731
1284
5473
1866
50
4293
102
51
165
3880
5896
3091
5463
2205
3209
1666
1156
4116
1470
4559
5439
3565
6489
1555
4006
1494
3267
2472
471
6753
4777
5094
3761
1417
1765
790
1415
5890
1972
4239
6732
5551
3528
5982
6623
6665
1641
5346
6012
610
1501
5600
1305
7031
3296
3311
6705
2472
321
3392
6713
6258
3857
4982
3126
3103
4792
106
6361
2792
3530
6544
1159
4518
4635
4661
3028
3097
4713
1982
6791
714
695
3765
6948
6054
4698
503
2515
2772
4084
821
2568
7037
1673
5239
4588
5540
4181
3619
3110
3062
6728
5842
6803
4306
1154
3270
5962
5929
3837
3161
6937
2229
6409
5520
6407
765
4863
5743
5669
3606
1220
608
2864
4159
5760
7050
3096
2070
4817
6885
827
384
1574
6478
3513
871
6170
933
4756
1715
3167
4582
504
5097
1366
4843
917
4720
6062
138
4967
37
1469
4937
6918
2248
5940
6460
590
1212
6876
1402
5673
5880
5302
4610
5900
6627
6329
3113
5960
1592
675
1579
2892
3357
1376
5018
6182
2205
5615
3271
952
3572
6463
5382
3068
434
5953
2427
2662
980
8
3157
3504
5429
6053
4577
6575
5147
1939
1123
4263
1712
6815
5852
2608
3133
5368
7036
1367
2591
6475
4695
5884
581
2850
5649
40
1802
4087
492
5190
993
5796
10
5432
1742
1232
4944
5843
3852
4852
1432
2251
1643
6353
5060
4442
2344
2025
2175
4735
783
4120
1589
1292
3213
5028
1866
4517
6724
2381
3067
2988
4375
4540
4612
1052
2692
2934
3965
961
3109
6806
3615
6279
3520
4568
1366
6764
4144
2307
1566
5952
3402
1421
5616
2168
1445
4654
54
3914
3275
620
5153
1252
3075
6242
3599
4206
5311
1336
1881
5160
2495
2405
3568
3525
4998
3674
1508
3517
4314
4586
1027
2922
1202
2745
736
3332
919
1897
3207
5239
2192
384
577
4249
5208
3657
4943
4724
4210
2267
20
984
3200
5288
5478
5420
68
4371
4880
1625
2158
1532
1182
1368
1708
1523
4801
1565
3745
120
1224
4305
569
5211
2275
4431
5027
6157
3199
683
4480
3171
5756
6923
5972
784
5046
1517
1205
6166
2116
1965
5053
5324
5237
2021
6635
5909
2319
3443
862
539
3297
6706
2021
4368
1686
2244
5628
2659
3368
3274
2677
638
958
383
6949
169
2567
2338
2533
1691
5220
417
24
6016
1855
1339
4553
5284
5263
1864
2710
6824
435
720
7013
3798
2281
4555
4579
1437
1098
5215
6689
6933
3966
4239
2575
458
1095
1275
5032
5006
6528
4300
1835
517
6683
4441
5882
2154
1798
2834
85
2574
172
6873
6016
4604
4372
6430
6959
5811
1870
573
252
5618
6215
5283
695
4793
442
5708
6794
3562
3108
4626
343
5234
1071
1764
6653
3215
1998
1912
1415
2589
2942
874
6278
3587
1384
927
5843
1006
1427
1144
113
5216
5565
5915
2413
813
5814
6396
6383
1680
766
5097
6698
203
6544
3655
6804
1612
379
2659
6240
3683
4635
647
1861
6307
600
4322
3101
3839
2204
3685
4302
4583
6237
6943
2979
3100
211
2108
608
842
1140
4158
6473
4302
287
2162
5788
5931
4270
1453
4642
2991
2268
2616
1373
5513
5572
6706
2283
6797
4240
5528
6735
6120
4749
5689
3654
6262
2254
2209
3958
2625
2584
6010
603
2620
2214
5433
3884
1288
6101
4136
3363
5965
1868
3747
2129
606
3107
6849
4528
5098
4852
756
5103
1540
6753
2993
4287
2818
2100
1730
2831
237
3025
1157
3003
5066
5008
4163
4145
2865
2071
2986
2577
5435
469
1893
353
1468
183
868
4503
2400
1606
675
1015
5752
1622
5139
5179
4836
516
6817
6775
606
6057
885
742
3002
776
432
585
694
6146
5976
3704
