5406
5343
4209
793
4370
3931
5280
2516
4646
1332
2664
4200
4345
2766
559
182
3942
2175
3909
4243
2840
3894
4905
667
2761
372
3142
2890
6913
1156
5291
3688
5145
6857
6081
3633
1249
4156
4243
4200
3066
394
1654
826
4182
3037
3370
1047
2556
1498
2986
6769
1130
6753
4619
6638
6133
41
5614
896
3100
3621
6797
4910
3644
2488
3752
6061
1679
6202
2040
778
3436
280
4061
6296
3609
4943
2664
3807
1379
5862
1261
1415
1694
5515
2523
1462
1075
1551
4454
6646
4421
927
2860
4372
4302
6806
5050
1622
1927
4021
1735
757
6521
3622
5719
5414
6732
583
4970
3010
4839
3950
4699
3130
2008
1838
3162
2437
3095
2671
1960
361
4776
344
1145
1260
3067
4812
5518
6385
5619
773
6804
6462
6708
5830
5647
4035
1187
5814
1481
3616
2249
4041
4463
6502
1155
7051
6919
5534
5314
3728
6356
3292
3955
2543
688
3962
1436
5283
3539
2591
5322
3868
1727
4707
3270
2153
6983
489
7061
902
3862
3067
4675
5530
5155
4540
811
804
3750
5219
307
1418
3395
4498
1903
6548
162
4299
3036
5690
1318
322
1334
6378
1948
1644
4548
2564
664
5000
4394
3634
1083
5641
4524
647
4749
1780
2721
2962
5055
4441
6602
1664
6811
5515
5005
2351
6794
3091
4436
1028
5414
6976
4120
1787
1569
5240
5055
618
2503
6123
1333
2529
6379
3164
1571
4604
2056
5872
1308
5494
3066
5040
922
2544
125
2634
5061
6303
1728
2857
1781
1774
1899
5691
3865
5010
4285
1557
5844
6868
700
3576
690
3992
958
3503
5697
2080
6309
1684
5332
515
5827
6511
3093
4457
3150
3236
1864
6590
2944
2679
3574
5074
5269
5673
6698
4157
6655
5205
3424
1425
6353
5528
3164
3016
4460
3829
500
6628
4505
6951
4222
5320
3596
1402
5265
3163
4001
2828
1249
6829
1329
629
1772
7047
6807
1576
1952
5422
5912
5502
428
1944
6455
5723
3435
3846
5002
849
3324
3832
2590
3123
2105
6692
3646
6099
5350
5648
6051
4144
5432
2505
1491
4386
4847
2688
1505
1438
6486
2274
2375
3925
4053
3899
4287
7
6430
3145
4239
1295
5193
4339
6401
2887
3830
5683
7046
4945
5540
5495
3572
5247
6059
2086
4878
1690
4946
5354
6802
2391
2774
1139
3572
4518
3361
1009
967
6780
1422
4886
1953
5756
877
4384
4991
363
1670
6718
3424
6644
2310
1751
4356
317
6999
823
5538
4374
2567
2756
6726
2712
815
5164
3025
2241
4054
3107
364
1928
3924
4019
222
6505
3107
3800
943
5075
1434
5533
1688
4755
3387
3154
6227
1860
5268
4933
490
5850
2684
69
5238
674
4051
6719
3031
1417
6697
5795
3365
3873
637
5309
545
1754
415
4597
2845
2978
6586
6566
5620
2728
3002
181
6302
17
2474
0
6055
125
1941
3709
815
2562
2968
3311
4866
2569
4517
4666
277
6563
1096
5519
4373
6011
2332
5379
5270
732
2804
5145
1408
3209
6791
1253
4840
6050
17
6332
2657
5163
4252
5469
6870
4943
771
928
2379
4711
6196
880
4800
827
6702
638
5364
6748
5220
1012
4627
4757
2377
4502
4764
1286
2433
4655
6400
6469
2203
613
3882
2300
3665
2657
4604
6779
2576
2384
3263
4756
4884
3380
1600
6089
3148
3001
4859
6608
4453
3584
5796
2176
1899
5286
3851
1214
293
2949
1293
2312
3600
2451
3147
2979
4448
2476
5548
5619
4752
3348
2708
6118
2011
762
3571
4034
135
1584
422
3176
5310
266
5871
5830
1553
3035
1193
3172
3525
27
4789
1125
1512
4589
5238
4408
5674
3814
6268
3344
1254
2341
6364
3494
3272
5170
4254
5182
2230
3868
1858
4284
6778
1885
3050
2936
5549
5479
6651
2974
6391
2041
2756
6013
1832
5090
5296
3841
3055
1399
632
2160
1442
1976
6381
5051
5327
4868
7055
4683
6467
1456
396
1835
6956
3
849
4689
6527
4458
6145
4618
6322
1910
4354
2753
7056
6088
6795
5480
5035
5863
6287
6749
2334
2778
2913
3618
794
6566
4063
2489
6973
1409
5531
88
2655
1979
6382
615
3866
5008
2650
2316
4617
4580
816
6640
432
738
5501
791
2528
3577
5964
6525
3440
3256
5023
3543
1994
6186
4100
4154
4218
3382
6806
1542
2407
1950
6063
2882
296
4828
1002
5978
2806
3659
5255
529
3750
4692
1835
5735
1496
6629
4355
5562
2388
4508
6728
6457
5509
4866
1935
2477
2474
3227
1934
6250
1421
6347
5774
6358
6259
1830
5404
4102
2143
5924
1906
2631
5501
3084
571
5401
1390
6057
1336
1549
4575
6827
6398
6304
5087
3967
5392
2428
3671
29
1081
1720
1362
2194
248
3199
3842
2526
5282
4427
5285
6499
1429
6301
1115
3808
4305
1147
4933
1543
3674
452
4670
2851
1709
1979
993
978
1662
5147
5135
4103
1252
4525
3783
6489
5906
34
332
4163
3292
4996
2439
5328
6203
1092
6961
831
3307
970
5924
1934
2690
6147
2166
5739
3363
6945
467
5682
136
1783
763
5072
6760
382
4236
5554
1441
5098
3266
3740
1228
959
4380
6116
2333
5074
4916
5564
586
5929
241
349
1411
5091
6053
6380
3401
6664
3459
494
4754
4414
4745
2408
1516
3382
4155
5434
1860
4211
6065
4785
6814
3342
3196
2395
2387
5458
4320
1873
6182
5178
4051
2527
6182
6279
4531
176
1994
6103
6066
560
5151
5630
2741
2590
3091
3291
4142
3569
5136
3666
5844
901
2364
3422
787
4133
4546
2909
5896
2786
3785
3569
5101
3860
1470
584
1809
1295
6353
5733
1586
1357
3770
2697
1876
6052
5495
1760
168
3621
3356
659
6130
6149
1614
217
3022
5733
6253
5231
4575
4603
313
229
4512
1080
1242
2754
3052
3090
2212
1790
198
58
2040
4876
831
5101
2738
4601
1992
6437
2717
6338
2409
889
1750
2078
6987
1159
1687
5712
5041
5939
4372
555
6838
1756
308
3890
6728
5317
7021
2267
1733
342
1328
1392
4033
708
4414
1662
1893
2387
1745
6249
4181
6471
3666
5484
4597
289
2402
3692
3284
574
431
6360
1130
6180
6667
5685
5099
4730
422
1972
5103
5020
1597
2053
3824
1361
5517
869
1395
96
6926
4723
1822
5916
4365
3980
806
3032
4161
5408
3197
4909
755
6787
498
2167
5915
3175
6047
6861
836
4338
1535
2102
4419
3146
63
6480
6568
3635
41
4982
5578
2542
6599
1776
3274
429
3140
729
743
454
3927
3808
6834
564
5296
2924
6091
1497
4585
1946
5538
3610
6534
1094
5350
4921
1168
3696
5232
1514
264
1070
2519
1469
6768
3779
311
246
4006
132
91
2881
2657
4596
6153
391
6910
6558
3789
314
595
6142
5750
4273
2830
3513
1995
1344
4622
1278
3197
1639
224
6179
5514
2222
2644
395
292
4455
6596
4475
5691
797
5819
5603
5158
828
661
5957
3429
4712
4173
6933
1273
4552
6619
2490
4583
87
5121
1917
3143
945
984
24
353
1066
1963
3395
2601
6567
5224
6093
3047
1196
1466
993
6900
1337
1255
4058
4390
6756
3976
5878
1767
4525
3941
3320
4204
498
4624
5259
2467
716
1236
3433
3126
371
4126
5655
6835
2876
190
940
2235
3263
4659
5171
3374
1253
1653
6839
6238
2664
4765
4987
4574
6261
6433
5034
6191
5169
5540
3644
6081
1733
4626
6461
4435
3589
199
3561
1218
1346
5462
4549
1607
6491
5056
3236
3957
3130
4372
1029
3184
5875
3119
893
2383
1053
3155
2879
103
5439
3468
3150
5723
2366
1230
663
1021
315
439
3467
2627
5620
160
4339
4993
6754
3243
5196
6544
5604
6655
3301
1992
2349
3005
1719
5211
5115
4118
3050
5675
4228
1731
4202
2992
5954
6359
5879
3283
1149
5412
6487
545
2332
1576
5266
1475
2413
3317
4673
2530
286
6370
5088
4471
6188
4657
3164
4764
1816
5004
1547
5835
1120
5828
3484
4789
3903
5620
5360
4987
1900
5741
7048
2164
5466
1439
6250
2382
3976
6224
3811
2977
2299
7008
4345
3316
681
5957
5016
4394
6215
1928
6393
2735
3169
3721
4848
4417
6233
6391
2233
5047
4263
1610
5710
1879
977
3548
6251
3986
1607
5687
3441
370
4492
744
4968
412
3130
4637
262
6671
1050
5919
6713
6276
1669
5113
2834
3204
3390
5158
1374
5203
5906
6904
4205
1410
2781
3072
3216
2985
3910
2963
5681
4815
3876
5316
6067
3147
4896
962
1532
4178
3449
5491
6146
5824
1783
3434
580
4596
6967
43
203
2087
1069
6576
2727
1291
4467
3541
5213
3886
2623
1487
319
2309
6400
2227
102
7025
167
4479
4496
5533
2502
2748
1202
1998
6789
5698
5257
2561
2294
1686
6973
5994
534
5369
5872
4311
6755
6877
3243
1343
6477
1144
614
3441
1903
2996
3836
2447
4924
4868
1586
1084
1661
3774
5041
1538
3511
1332
252
5767
318
6821
1320
2142
3349
2090
3380
940
2515
710
2715
4594
474
5539
5966
522
3584
6176
2197
4063
981
5502
4858
2840
4341
238
2737
5272
4346
6154
4288
6595
4808
3998
1472
6853
1724
3452
2338
1535
3448
6576
4778
5241
504
1681
1869
5421
3741
2495
2945
1740
3061
6884
314
4875
1
6963
4091
2568
4225
3767
3257
6408
6719
3797
1972
1327
501
5272
6180
1976
3345
6642
5205
4283
470
2456
6312
4653
5159
820
3403
2590
3984
2890
5155
6928
5169
510
1782
2113
438
33
2672
6364
2132
4393
1233
2237
5459
778
3130
1319
2547
5619
2507
6838
896
5227
6009
2287
2656
2261
6005
4683
499
3778
4009
6156
848
2253
5549
6358
339
3263
3855
5757
5530
4918
2797
4561
2544
4007
2657
2596
4925
6018
5240
5730
3889
3679
338
1062
4047
3899
4544
5552
5227
1160
5085
1559
1556
1870
6735
3502
4198
6816
2950
3473
6859
6033
1684
2888
1549
4490
1754
1312
5019
1318
2103
6886
3595
4894
3187
203
4964
5139
1430
4384
3944
2991
5262
3057
2715
4911
4301
2834
1527
5838
2529
5672
4545
5187
4276
5627
6828
3368
551
788
5178
1122
1116
4841
6664
6232
3590
5012
1789
4832
1436
5603
2565
4961
6661
3562
6768
5357
4038
1260
1991
3254
2481
4706
2755
2533
4861
4980
4746
5343
2501
3263
6085
1934
844
4099
2116
3768
2628
1029
354
2752
4198
2646
5520
1950
1071
3602
5067
5775
6117
2963
6968
3779
5687
1102
3799
1922
3431
997
2474
2986
3574
2046
4729
2271
5619
778
1200
4379
6730
204
2866
5224
3837
563
1289
5765
6287
1966
3235
4813
2589
1073
1211
2849
6085
232
103
3678
2014
2571
2369
2115
5776
4014
40
735
6862
3173
715
5554
196
1248
587
1660
4077
5750
1237
6568
6840
5948
3589
4077
6418
3367
2189
4797
4667
4513
2290
1070
6932
6628
4099
4286
6569
1337
1194
2007
5692
2572
431
4539
4328
3495
2700
6941
1764
6190
4186
2900
2813
6701
15
6318
6013
5157
3883
6844
4944
1681
839
6777
3856
298
6020
2142
1140
5501
6495
3083
1235
5369
6155
6361
3861
3343
6964
5145
5343
1903
2861
5699
110
5704
2543
2116
4008
902
3188
2564
5417
1249
1826
6757
319
6703
5332
6844
1726
6225
460
1752
5290
3379
2444
5672
3847
1037
1865
4452
3421
4226
3369
4752
5045
6172
1542
3088
5028
2570
1889
6732
5023
4062
6600
4276
5422
3477
1683
4821
5523
2967
1497
6511
3213
6858
3405
653
5671
3073
4561
3226
1035
3401
5558
5743
3634
52
6440
2662
5838
704
3636
6184
2595
6027
847
2679
4888
4145
2160
6087
3805
4949
2904
5302
2478
5240
1688
2106
5946
4385
2966
4029
2127
5922
432
4635
5698
5706
6501
5664
4940
5509
6940
5714
6949
6284
2692
5890
1006
2910
4438
5873
820
3648
6236
5049
221
5174
1398
6860
3882
4169
5814
213
5931
596
892
2298
6264
3556
1812
2868
1216
5720
6688
3004
4079
6983
6102
4660
4602
6317
2833
3994
5999
1492
3922
6970
3040
2390
4172
5152
2012
5405
4095
5001
1443
5445
7033
1736
1138
2746
5507
6863
4816
5589
5033
5348
2657
2586
1860
2783
3075
5913
919
4570
6000
5340
1078
6209
4122
2447
2732
344
6889
6794
4773
3788
1798
6492
1356
5188
902
4396
6296
4349
814
6072
4733
6679
2782
4892
2894
4636
3325
5952
6385
449
6727
1606
3095
3123
3216
5393
1920
317
5944
5512
388
894
3991
1094
3668
3832
3164
6979
1816
1069
1718
2479
1835
3533
2840
5516
2873
2987
1628
2642
728
5614
5356
5121
1965
5822
5853
898
4991
4104
2379
756
1181
1522
2823
801
1853
2276
4612
2643
5920
3262
2175
4040
2669
3867
6460
2901
4190
5292
1488
457
3879
4591
761
2883
761
4273
422
2285
2219
931
391
1744
2870
4680
5398
3577
3144
6013
4587
3476
3179
694
1506
5855
1665
1485
3983
905
4905
5277
2634
3422
929
5056
4970
4584
5932
1724
4320
4094
3774
250
6170
717
5038
329
6333
6009
9
3700
5289
2899
3986
6824
5873
4610
1286
2029
3853
1570
5706
2239
2474
325
6922
1641
1206
1169
3842
5009
3947
5246
642
6440
4853
5839
6237
2295
3297
215
1871
6704
6281
3449
6691
5012
2978
3344
709
6476
5509
4864
5756
2591
567
6970
5318
3343
5521
6713
3016
4197
1852
5641
6992
1889
4395
5765
1697
2390
3289
6754
2787
6495
2186
2177
5047
4983
4072
4028
2633
5733
2965
472
4345
6933
5759
5976
3355
5625
2128
2255
5081
320
12
5547
5965
2957
498
5148
2883
5494
792
1890
1170
935
1889
5285
559
834
632
1293
849
4136
5274
2345
4184
4156
2552
4591
3595
6471
2327
5837
6434
7018
6503
6500
58
2955
2289
6909
486
460
5797
4030
3137
4421
5794
804
3003
3751
283
2847
5953
2235
2532
4557
5558
6992
4881
2500
3891
4695
514
1307
7058
1896
5945
429
4918
5351
3034
6641
2207
664
5792
5678
5029
1918
427
6742
6945
3042
5891
4668
3671
3228
7003
1860
6590
3283
2837
4534
3416
528
3819
1575
6390
2920
3316
335
6995
4301
1171
6123
6838
3035
4374
3251
2286
2439
4718
954
735
5882
2499
4632
1531
4383
3888
4947
1641
1385
1318
6209
4958
6752
2148
2541
5442
4234
3549
2774
270
3738
4776
2041
4190
6365
6077
153
3827
2686
5717
495
5246
5232
1240
4737
3848
2831
4680
4851
5356
3921
4456
5293
7055
1546
4406
6549
1938
5831
2014
2562
249
4867
5306
5
5447
6679
391
524
3110
6527
3228
6969
1756
2296
6777
4337
500
47
5662
1862
4899
4203
1165
7055
609
2197
4137
5917
304
2019
4253
836
5077
4620
3145
1694
2362
3944
5135
3255
3290
5017
3353
3778
902
683
5339
1096
4823
6476
1320
1213
1968
359
7010
6632
5454
792
4475
3365
313
1098
113
7027
2907
5037
4883
4516
5403
1483
3820
6211
4847
1215
3273
4537
3446
5668
6654
4932
4267
6556
449
5868
5384
4198
3790
6058
3590
2052
921
5373
796
6508
5424
3972
5019
1565
2161
2525
6113
550
6378
5933
893
362
5048
713
6777
1499
6523
6346
5673
6281
5766
130
1682
3922
3759
4942
6842
4963
2248
5533
102
784
417
6239
1192
4358
5628
5924
6853
2528
1096
2933
2305
3977
5175
2372
2115
3715
4537
6178
2947
4256
826
247
5598
1070
1988
6969
85
3534
5687
4369
5804
6280
6259
168
6497
6178
3788
2298
3673
3778
226
6559
4071
1226
1290
4367
4951
1151
3738
40
6066
33
731
4378
3081
1021
3249
6550
1768
2643
537
5231
4077
276
4978
2400
6622
55
1927
5282
3245
1072
905
5929
4220
2221
7026
2964
2735
2408
3357
3214
6205
3252
4885
3988
110
4886
5653
3887
4531
4164
5549
3369
671
6878
3714
1733
1462
4573
1899
3911
4175
3682
6277
1966
5552
2439
2229
2704
2799
1502
3323
3836
4599
127
3045
1488
4651
3711
6428
2452
79
3306
4515
2874
3593
4531
1650
3720
248
5199
5176
6168
1364
1488
471
745
3894
2709
6790
5801
3688
1774
3138
2693
5084
6
1842
3722
3666
965
4978
1779
1479
1674
6825
2655
2193
5165
2609
4785
1781
2536
6317
5850
1552
4653
2765
4627
144
2502
5029
6778
4106
3223
1384
6886
808
6818
140
3960
5060
316
1907
4254
6819
3032
1178
1382
5266
2993
5593
5579
5342
6263
442
4078
853
1020
6135
6988
5663
1180
3918
83
2816
4059
3472
3253
1684
6516
4155
4601
4681
5347
5789
1066
3174
567
2052
3548
5182
1183
4130
820
6638
6751
1222
6744
1004
4379
3129
694
3318
592
439
252
1221
3367
2503
4343
2931
1220
4457
3279
510
4267
5221
5789
2510
6965
2485
395
2646
6548
3527
881
557
2025
913
979
4424
2320
364
134
2668
4557
3829
6136
2079
5308
6947
997
4687
6590
5554
5861
1228
349
4119
5270
3776
5968
5373
5435
6366
6991
2773
1216
2203
1458
6664
437
5991
6935
1885
286
6464
4349
701
2139
6502
6645
969
156
6291
3897
5052
3967
793
6395
1788
2110
2506
4160
4384
1762
836
4783
1394
1231
4889
4619
2713
4936
4924
750
4119
6463
423
366
4615
192
6050
3413
4151
4338
803
6653
3356
304
2630
4566
2406
6912
1793
3230
67
4849
1908
5371
524
3438
3295
7017
273
6004
4389
4836
1752
4665
1607
5813
1936
1133
3360
6779
6031
1547
6780
2075
6438
1692
5716
6048
3427
1461
6163
1410
4482
764
3390
5461
6433
2908
398
5648
2884
6844
4312
2847
471
1176
4114
2110
1289
4870
4342
1200
5060
583
2430
5149
6227
1780
4529
2626
6956
3240
1307
1847
2737
3320
2889
6549
718
5273
5584
818
3734
5648
2373
2753
3912
1912
385
6915
4458
119
3589
4518
2016
2713
1221
7011
1869
3014
2412
4824
6475
6900
2994
3321
1897
699
3586
3625
3649
118
4505
2421
3988
3303
32
4467
4649
5134
6248
2207
5359
5485
3544
3551
835
4010
7049
5409
6280
428
5375
5104
1930
1654
1310
2988
5109
7007
5878
5268
1181
1360
6208
4209
5937
4505
5958
4704
2784
3445
3721
6367
1406
800
5287
5389
4165
1400
6835
3754
4590
4893
262
3655
5895
3480
4076
4629
1553
3596
4920
1874
2768
5173
1897
1080
2369
2208
5532
639
4194
6931
6462
6485
1851
3667
4145
186
5521
2524
3670
5480
1230
2367
80
784
6325
6262
1125
1262
241
49
3280
3809
813
1220
6416
3638
4439
5264
3477
1601
5179
5347
6409
4346
2775
945
6160
5889
6685
4333
4758
3378
679
498
2003
4972
1362
3343
6642
1917
2636
4880
3431
2053
2359
2283
3245
6545
6697
6641
6739
2147
5888
3287
3045
6619
5556
3599
6160
1940
6957
1216
4172
2033
4471
5767
4764
5923
6843
3553
5093
4404
5901
6116
2000
3704
6006
2747
791
4722
4423
6260
2227
4555
6280
1514
2692
5846
2116
5856
379
6286
5507
3990
3284
5923
3464
6682
6947
6455
4412
5709
2316
3108
2191
4374
1828
5144
552
2858
2876
602
5188
4053
4944
4299
5279
5119
5018
2192
841
5294
4342
5508
5429
1214
386
753
1780
2313
2110
6364
3478
599
5663
545
4753
2426
5347
4019
2579
5194
1845
3789
6540
375
1455
4655
1345
6132
3357
1058
5608
2941
5292
4468
6813
2590
4250
2723
175
551
4736
3112
1995
614
6353
4768
6952
1482
6608
4535
2631
5534
649
5594
4892
4249
4946
4822
4007
4148
440
655
6116
3886
5024
971
4545
6854
2275
5504
4709
3032
5310
2720
5964
6653
2117
3914
2533
1432
33
5077
3670
5777
5456
2285
1880
1329
4428
5939
1038
5656
5266
265
6303
3369
2389
496
6449
3487
6921
2593
347
5014
6201
4972
5727
3945
2644
5484
1632
2877
4846
4983
6806
4404
1007
3588
5391
5041
4045
4560
5767
1426
488
6148
3821
6777
4165
4202
131
2268
6885
241
1554
2509
547
4987
1999
4358
6735
5779
4488
5899
5751
4085
6603
2732
3379
1967
1258
2261
4352
2343
3273
1776
6876
6053
591
1226
6273
998
1405
176
4272
3671
4071
1300
1952
3496
6343
3648
4131
2824
6742
3452
6597
5113
1745
2596
5954
197
3068
933
5339
94
2228
3035
1845
5189
4906
887
5890
4528
2720
1581
3363
1188
1045
4983
4726
161
3944
910
1752
329
6132
1472
6457
6055
5159
4078
928
1179
7049
138
3870
6609
2685
4587
5357
3234
3721
1084
1013
2867
4716
4917
3827
946
297
4364
4276
374
2624
716
4692
5898
6651
4388
3055
4809
2106
4349
6606
4085
3546
6652
4091
4113
6385
690
4397
4186
1713
5197
6130
6851
311
1321
6819
2196
6167
1637
317
37
4181
165
4851
3376
6513
1875
5003
5349
1603
6014
6291
3160
1972
3306
1288
4654
2075
6723
1499
687
4979
2055
4599
619
2254
1418
4609
6861
4550
3433
554
553
5123
6996
5108
6786
281
417
2400
4458
6102
5716
133
1613
4530
6139
2158
673
1375
5634
3055
4932
2227
373
870
5335
523
2347
3953
1867
2229
790
4688
4186
3315
3225
3439
4402
4
1611
349
817
4223
4153
1717
6737
2145
6961
2747
4753
5561
1137
5809
2605
6467
5882
5500
5017
585
2665
5240
3470
3578
4158
5531
154
1302
1686
3070
2143
2131
5272
5780
5003
2547
5874
4339
6075
6074
99
773
4463
5877
3092
5634
8
1213
5441
5928
4273
3541
1123
1039
629
4548
4061
3480
6362
5238
2179
91
6921
5955
2316
4855
6884
1346
4012
1816
5938
5249
5878
3766
6199
4198
6901
1261
4860
4679
3271
2702
5881
7002
5672
4149
768
1370
2600
1306
5327
4769
3087
3671
2908
2075
2625
5489
3585
4342
4000
1646
2845
4955
4598
1953
5912
3339
3011
4347
6197
856
2274
2293
1233
1118
6785
6575
5541
5324
1685
6382
3672
6392
3506
1780
1172
7009
162
5541
1794
3072
6263
6853
7019
4267
5370
3137
6656
1596
1512
2772
1609
4013
3562
4360
5904
6109
2848
3882
5558
6025
4977
5890
5263
2282
6000
4116
1981
3571
5709
2247
4488
2584
2484
1494
4337
6062
4432
2146
5831
5472
5155
6249
4325
6562
752
4653
6564
6204
919
2447
5070
4135
4463
6144
1198
3742
4429
5649
5260
5996
3173
3591
3765
3971
4212
2760
1430
1682
6817
916
3580
3829
388
5476
142
1710
664
5136
6262
2068
6366
338
211
239
1515
5657
6696
4625
221
1075
3798
6993
3266
6088
1721
1965
936
4127
610
2215
267
1727
5816
2665
799
417
2497
2398
2023
139
1127
6748
3291
6797
5720
5686
2561
6125
5555
2
3578
1537
4565
4175
3387
733
1314
6608
5985
3918
2254
2309
5563
5685
3707
2865
730
525
692
6767
3747
3402
2229
602
2898
1970
1560
4316
2354
5543
695
4932
3310
3292
226
3590
6262
4101
5944
1575
143
5236
5960
4984
4926
4233
6144
5133
5444
1092
706
5384
1691
711
3513
3342
3036
3539
7057
6342
2164
4917
1621
4521
4235
5279
2583
2341
2837
2917
6166
935
5679
766
3423
456
5268
3353
5688
6574
910
1728
3966
2594
3850
1672
3302
6715
1120
4358
5974
4471
723
2282
4214
1983
4516
6189
2177
1425
2001
2070
5731
6233
411
5219
7054
309
2082
4866
80
2494
4222
2011
5625
4113
246
5678
1248
194
6305
842
4146
6803
943
6118
3720
919
5280
5248
5526
5944
6750
2684
4666
5451
5201
351
2432
381
2725
3289
6221
44
3976
5164
6036
6875
6162
6329
5823
4958
5198
1759
6795
1475
89
1845
4955
4462
6034
6366
1433
6420
2412
799
3742
1969
6054
5658
3814
4171
3472
2231
3002
1501
6767
5935
4497
5251
2852
6010
2646
5168
5942
4774
470
2231
3092
581
5950
932
3511
288
2912
5625
6489
3825
5784
2398
4784
2941
5571
5029
3942
5411
5101
743
6845
6206
5050
6613
1052
3034
3
1131
6208
3036
2205
5525
4101
3606
1046
423
1188
3923
176
2923
1984
3780
6627
4902
1570
3592
1149
6014
4659
6331
1158
1606
641
6089
1655
5844
5130
5923
596
666
6009
824
2750
4092
1926
559
3026
6117
2240
2848
4122
2884
6391
6366
4819
2653
6252
4474
6757
3336
5362
3920
1502
6794
4640
6413
5119
811
434
3376
2437
4152
6784
4856
1644
6992
2446
5344
424
1620
2783
1459
3747
6289
3211
2713
2508
6242
4087
1865
3129
676
1388
751
6458
4093
6070
484
5813
5476
35
6014
986
1779
1461
1989
2415
143
5706
5518
4405
6570
1243
5205
498
5293
1379
5678
6685
2125
4191
2858
4763
87
1036
1665
317
5447
1952
4666
6565
1253
4604
2776
4517
5768
6049
168
203
965
3269
177
2252
2831
2704
3333
5114
6565
5874
202
1484
4645
510
7038
3211
1637
957
3544
4427
835
960
1959
1526
948
2705
6143
529
3938
854
6
2336
2720
4333
1700
1237
1014
5008
3960
4761
89
3490
2429
5582
1434
39
4511
2627
3732
6092
815
3324
3879
1818
5675
125
126
5859
5278
2862
2314
108
6035
2222
5943
6070
2820
6574
415
5430
446
1179
2600
5667
2822
745
6821
349
4716
4186
2226
4529
1709
1804
6387
2775
4314
3868
6538
6418
2173
41
1142
6380
6975
986
4320
3264
4938
6203
1178
2905
4536
2112
6414
6205
5735
2309
2698
3672
934
2802
5152
1572
5232
5249
5453
3168
496
2781
3321
2142
3201
73
166
1142
1041
1363
1192
3108
5048
4897
1344
4187
6623
6173
1039
6133
3687
64
5094
1454
3369
1299
53
1520
3849
236
1270
2817
1479
2975
3301
5980
2749
5308
1645
1515
205
2546
6272
2307
6003
6971
3896
6936
2809
1754
1680
5041
6047
4565
1214
3659
4984
3489
2227
5016
5558
4603
1440
2503
4224
5329
4329
423
3003
4042
6103
3050
3096
4632
5685
2669
766
4360
5103
6504
6509
3913
4436
6533
3748
3086
5059
40
2669
3373
3232
3275
6934
5276
1604
1900
230
4888
4298
3363
5870
2226
1850
879
3604
1172
5147
2049
4774
4506
1987
1092
1429
1655
6868
4353
3850
1262
5781
5667
3320
4676
2727
2741
2271
364
3184
2715
2644
3941
676
4584
6275
5427
206
3063
1295
3659
3074
3756
1820
4004
5945
1734
6036
978
6088
2847
2477
5525
6140
4180
5925
3063
3112
1860
2409
4233
5470
987
6579
783
4211
406
1954
5631
505
1088
1802
1687
3307
2005
2786
5009
5547
794
833
6642
4477
2192
6879
5052
4939
3506
3232
6474
2359
1768
1686
1654
4416
6388
5145
1084
1549
3949
4991
3945
2847
2898
3409
1609
6339
7036
6303
4001
5462
5837
4563
4192
3894
3262
5312
6830
472
973
5273
1804
360
167
2157
4918
3
3476
6431
1815
5152
4892
1623
847
5927
5583
4992
1397
4436
5590
2438
3859
1085
5681
6081
1312
2550
4661
5422
1608
3434
6547
2800
6429
5424
2588
127
2701
5580
2972
5780
3352
961
2414
4199
6184
2710
6840
2292
6806
1357
834
5389
1409
4245
6496
3291
6418
1739
3616
1266
4258
2417
2454
3250
2911
6070
1255
597
1326
5664
6707
1940
6874
354
4595
4790
2814
3665
2200
5597
2730
6001
4692
6658
11
291
4907
5238
436
4461
5696
951
5765
5945
3127
830
4429
6610
5873
1510
1360
6996
3807
1374
4335
1286
1885
2706
874
2392
4603
1226
2154
5755
4057
4513
5248
5192
6850
1319
3509
1545
5462
3013
2505
3661
1562
2687
3661
1204
2366
6367
2570
2114
2608
1560
2596
707
2943
596
6364
4675
2639
6041
1355
3151
250
6221
5663
6131
5010
5429
5811
629
1058
5251
693
1710
3375
4712
4899
4318
6536
7047
6428
1661
6643
6699
854
2848
1405
970
1077
2104
762
4396
3826
3106
1778
2721
5675
4903
5569
5618
4572
831
1761
4848
1700
620
6404
4592
3383
1138
5583
539
2237
2425
5652
3301
1924
3992
4711
6678
751
968
3938
3980
3796
292
1302
1776
4198
186
1672
1536
2722
3770
1482
267
6129
5186
6028
2335
3636
2633
8
1792
1387
132
4357
1222
2205
6691
5520
5159
6028
1502
2940
855
2987
6295
6718
3504
6491
3734
5136
6936
2055
5454
4657
6125
3377
1025
2451
2256
952
6664
6509
2616
1505
6100
1970
4894
5229
4173
2566
2488
610
1055
3290
3362
1552
60
1807
4615
2130
738
5607
6321
1176
3977
3521
1702
3914
5079
3768
5446
5690
1315
2553
6253
4258
6298
1216
4854
2874
5764
1134
1581
6302
2178
2191
3549
2089
1213
1007
3141
4661
5470
4660
5188
1863
726
5860
1535
6351
5389
3082
5756
726
5849
6817
3970
2776
7023
5199
3667
3710
6447
4253
4443
4084
57
6634
3923
4803
2118
5627
4797
1888
5633
6138
3350
4337
6686
7013
3642
5721
3130
6469
4132
5540
5020
4305
2649
4920
6257
5664
3318
387
2051
1034
3224
2163
4198
1034
3082
1548
5716
6108
1736
6024
481
3161
3457
1725
89
1117
1600
7025
1997
1524
5528
6814
4273
4183
3452
2007
6801
4307
5173
5258
568
2946
733
4509
1845
5530
5761
3287
4551
4811
6884
1387
5956
4475
4327
6478
68
2886
5628
5922
3759
1621
6049
2114
1815
6406
6955
668
2755
4319
519
2845
1803
5604
2442
430
3601
2540
3208
416
505
488
6244
1365
87
2428
5360
4620
747
4235
4314
4981
3149
6151
4866
2185
2786
3697
2326
444
4008
3720
3118
1172
3777
4096
91
2955
3238
1525
1149
1721
6936
3484
5322
535
230
3188
5352
1629
5865
4133
2787
421
2277
715
641
4605
2934
4917
4565
54
1454
638
4299
6528
1174
3210
1464
581
3353
5833
4032
586
360
1344
1364
1432
1892
5683
711
698
584
6561
2437
4191
3342
3089
3241
6735
3915
5831
5843
1792
30
1978
1325
6776
2625
2045
1034
2101
5566
220
538
522
1116
622
4361
427
3880
5100
3529
5769
6724
2980
1048
5843
5935
782
2241
1098
1590
1341
6511
1050
917
4901
1802
5700
2718
3454
5939
5202
139
2631
6055
6976
5879
6449
4703
4882
2473
3403
6086
1958
5294
6372
1113
1473
6164
1089
1859
5898
1219
6300
3822
5843
3979
1993
5152
7054
855
5050
585
2215
1241
2185
1502
4516
3888
4055
6569
4112
5467
6093
2912
5463
3096
2837
2756
3281
6040
3446
5209
4988
6028
4650
6102
2578
5991
5313
3049
5433
1744
2390
6326
4623
4394
3199
6428
6772
5798
5328
3435
4128
2398
7064
4206
4441
6479
4659
1942
3257
6794
5615
4170
5550
351
547
3846
2440
4911
6080
3217
4202
6903
2450
4077
6564
2722
5524
1943
2646
2297
5741
1637
7035
5451
1440
6436
803
5360
4255
1948
2583
1267
3152
3462
764
6745
2393
1551
386
1564
6004
5127
6189
2161
926
4247
5943
5667
4027
6915
1124
2774
2762
3873
2983
470
4112
124
6742
4814
6363
3889
787
1352
4096
1325
3793
4071
949
106
2999
4467
3093
6797
2066
1534
2787
6270
4391
959
4330
945
4062
4569
4720
28
2183
3302
4007
2245
4693
4844
1500
598
994
1221
1031
6518
1777
6555
6437
3275
5783
466
3969
4494
6858
5802
3599
5801
2866
5016
157
1359
4991
3464
3044
5770
1228
932
3488
459
773
6769
782
4918
6659
4127
4943
1703
2669
5975
6525
6306
5330
6432
2121
4356
1715
882
1070
309
4035
6767
2818
4717
4974
5437
4783
4616
1164
7062
3729
5800
3255
6995
4780
539
952
1127
7032
923
706
3437
6631
3949
625
3819
1631
5988
1205
3730
4222
2980
1912
4229
3557
6102
1084
3566
6728
150
6506
2301
5188
4561
1212
144
1152
296
6225
856
3541
5912
1790
6263
4384
655
4930
4886
1368
3119
1707
2666
4903
3837
3927
3264
5521
2850
6688
2701
3913
6171
135
6557
263
2860
6723
2681
4165
4088
357
6079
1858
3651
1781
6161
707
6871
1658
2203
2089
3291
500
5307
5298
5786
75
6909
112
6220
5104
2379
959
4258
3825
2879
424
2739
1591
6727
6532
3595
5475
6841
2361
1129
4710
4653
2792
5834
4632
4362
3535
2614
6719
4591
837
4484
96
6814
4338
1530
3336
5453
6125
6666
2293
4795
2457
1353
2298
124
6375
2280
4192
5801
634
6711
2691
2291
7002
3799
206
2732
5217
12
350
3853
1272
3825
1049
5127
3311
6170
5622
5229
6289
812
6103
1024
2575
6386
2842
605
3038
1736
65
4381
2103
4649
6206
5997
4768
5438
2361
5236
4317
1521
1277
6152
1492
5858
7059
3658
6819
1377
6245
4299
3674
5806
147
6263
6256
578
5839
431
1227
1120
1398
2993
5024
6309
1399
6473
5580
4806
5961
5435
4454
904
1705
6420
2762
1705
2313
724
3553
1694
3627
5734
1608
1516
6322
6489
502
2089
5295
1814
6466
6072
438
5472
3117
1132
1078
6869
2908
4954
5952
4539
5989
486
3207
3946
6020
4516
2242
369
5301
6270
740
2560
2636
1574
5675
4263
3047
506
349
4524
6033
6908
6893
840
976
5763
2296
6306
3041
1582
4386
348
3841
6103
70
6978
2049
572
2227
1302
1294
1548
6688
282
6281
5493
6829
4122
1458
5244
4463
2530
5147
996
3228
5501
4691
3469
234
636
5901
6801
2174
3483
5961
1309
3961
2966
6780
2592
4336
6807
3672
6894
443
4769
5945
2940
4843
6605
4495
2317
6391
652
3013
5044
4676
2512
623
4662
5144
2318
6027
3169
4071
7031
2674
3570
2454
3643
4221
3218
3648
6350
3509
5586
3580
3064
4021
5970
2967
641
2475
4044
6722
2912
1320
436
6277
1238
1855
1584
1600
571
3933
2371
2526
461
4093
1592
2733
4922
5245
6083
3035
2581
5325
1326
304
5828
4303
3629
3695
5666
2977
6856
6326
2503
1720
3205
6066
4852
5192
3054
4843
4812
5606
6473
6806
5158
2778
5606
5093
4336
6047
6509
3026
3685
3991
4548
93
5930
2743
802
5840
3164
52
2983
5935
6756
6656
2771
4232
1284
1547
2492
5242
3165
4103
2880
6550
5184
1745
3264
2752
2818
4061
4338
3993
4785
5152
4501
4913
597
4219
1121
5567
6570
2966
1665
6748
1675
1295
1391
3368
3778
618
5477
2286
6382
1507
211
3857
3790
1981
4098
929
5245
3964
3657
1087
2650
5661
4187
4503
6383
4332
4644
5634
2486
4476
647
77
7013
1447
525
866
3765
2190
1217
3681
797
5734
3982
6322
2596
4860
2560
3389
2446
4448
3841
1918
4817
4967
1179
4967
4183
0
2620
4750
4774
6505
938
445
1677
5484
2789
5421
3425
3804
5084
6831
4620
5190
6944
4425
4843
2197
6985
5616
5580
161
265
6066
4395
3625
2332
2344
4168
2478
2974
5217
842
6678
2245
6205
921
66
3265
38
1011
6234
1438
2078
2405
3074
4253
527
6241
1141
5676
6076
931
4380
6778
2529
6131
6529
2365
5794
3642
3658
3947
3265
1836
6966
4885
4720
5513
3824
3386
3464
1386
1393
1967
7035
5312
2982
3507
675
4646
6115
2620
4708
6187
1187
273
2040
6426
6082
2344
2444
4437
3367
633
280
7014
1851
3395
822
4157
3442
1590
3092
2283
6150
6564
3971
2545
2817
3505
2896
4454
4257
6811
4387
2560
1634
1008
5132
3853
4072
5262
5915
7049
1896
1892
1826
5415
3837
5815
5464
141
475
3504
88
5812
2649
1983
4249
4264
1702
1129
4082
6910
4539
3997
3669
1510
6512
4032
2729
219
5863
2123
5882
2913
2163
3532
4197
4148
3886
5189
2735
1931
6919
5039
1017
6805
4487
3896
6178
1840
6070
4740
1819
2124
2038
5374
5176
5416
1400
5300
3368
3276
3607
5266
3658
4698
3041
111
1366
181
4055
3305
3536
5125
4163
2612
120
3366
6181
5467
3246
327
4632
2361
1797
3862
927
1383
3741
3449
326
2064
1092
6594
5310
2914
4871
746
867
2405
6060
6725
1403
3161
3537
3906
212
2399
817
658
1643
1002
3942
2066
6679
6633
4217
4894
398
1502
4723
3569
382
3208
269
3713
341
1310
6606
5317
2033
1093
5975
4339
5192
765
3710
3280
4099
4072
3964
4016
56
2688
6977
3599
6285
373
5785
280
290
6111
4642
3802
1006
3360
1706
5611
555
188
607
2476
808
119
4786
1982
2694
447
451
1395
4674
3289
3597
145
6220
2544
4590
729
3544
316
4290
639
2669
3281
3656
6022
184
205
2086
2828
6047
1282
3754
3841
4745
2551
4777
3166
1639
6312
3584
1297
333
2382
5006
4052
50
4296
1161
4475
1232
1436
6188
4198
6683
1394
323
3533
369
5618
420
6854
3420
5785
4848
6496
6128
447
585
7044
2501
3309
1908
3671
0
6223
5248
1618
6563
1778
4652
1429
6077
6415
1277
3501
2734
2463
3494
2226
465
4993
3042
6003
4223
6853
4465
1973
4320
3514
4673
1229
1194
6744
2501
3833
2203
1608
6551
2324
3215
3593
2943
3802
5610
2072
173
4894
4453
2444
5095
949
5379
103
3307
3989
6474
1625
4985
6826
5693
1730
1606
6596
3177
47
2685
572
20
4884
4953
167
6803
947
5203
160
4873
1824
5659
867
80
5272
3916
4400
2104
6798
506
2495
2156
4265
3733
4999
6151
6751
3605
6345
6392
5501
1904
1852
3919
4554
1144
1316
1929
478
253
1032
6909
6636
3356
6939
4714
291
2989
5161
5739
1033
176
992
1218
532
5977
5437
677
5243
2303
4229
5426
5533
4400
2869
3358
1554
736
5930
312
282
3878
32
5809
1537
3277
657
4011
2932
1089
318
4416
4171
4734
1006
2120
3409
5051
5044
6740
5154
1886
3786
2660
4381
3566
2993
117
2420
503
6763
3321
5266
5328
2136
4778
354
2310
4708
4072
3766
681
2830
3510
4178
4320
5175
2127
1802
6544
3756
888
6389
757
3294
4408
3274
2622
66
533
994
1067
1197
1192
6916
4654
1010
6924
1911
2953
1350
3349
34
4345
6117
5289
3196
4835
6321
6293
6296
1594
6571
1687
5917
4154
4648
1510
5360
1484
3218
492
5053
780
897
208
565
7019
2139
5317
1319
560
804
5726
6866
4299
3493
6013
4729
1105
7008
5370
2171
4333
5548
3660
5266
6125
5883
4868
1589
4024
1909
2897
4899
5336
2690
6808
862
2954
343
510
745
3475
3599
4114
6679
997
68
160
2301
7019
3584
65
4323
1066
112
1460
3480
4216
4785
5554
2045
5232
4836
1588
812
5740
5531
5709
745
5851
2344
5490
6414
2957
548
1483
4476
2769
4998
3164
75
762
1897
1681
304
697
2291
4371
205
3607
6210
1452
4954
6110
4167
544
658
2874
3251
1985
6651
6645
5746
198
5522
2893
376
3761
6480
6332
1852
1470
665
4153
1268
6767
6468
6000
5603
6603
4087
6311
4998
4387
466
5400
1613
771
5058
2358
267
519
3765
3605
2544
4067
3395
2989
2253
1534
755
1452
497
3079
3269
549
2500
907
5308
6043
81
4003
263
4961
2281
3399
1228
6794
2676
2316
3354
822
3904
2900
6978
4869
4109
1579
3252
5019
5813
5211
1266
306
5189
109
2433
4307
2263
3210
1163
2254
182
6018
6121
1244
5821
699
2659
425
4993
565
4592
5099
5231
1836
310
5709
2071
2400
3727
2251
4065
5846
1376
3931
6110
205
5415
5885
490
208
1301
4800
2838
6105
6195
2978
5458
732
803
664
2014
3848
4987
5228
3882
4773
870
5746
6009
1625
2919
4477
3578
6739
6727
5900
3791
719
5949
2447
4648
6148
700
5188
3375
5357
4580
4054
2124
5880
894
5058
1885
2457
3899
2108
128
4952
5985
131
3192
2717
1002
3895
4004
1222
1527
5371
1364
3408
5924
505
3384
2034
3434
597
35
5684
1334
1836
2219
5444
6194
5892
2100
5126
1377
2617
3417
6455
1943
3960
109
1851
4877
3704
3304
1740
4621
5247
1641
3586
2930
2750
1822
490
2280
5703
5286
3675
2670
4388
1820
2737
4893
3208
1605
1566
1110
1555
5670
4104
2620
5791
5064
5897
902
4326
4073
3729
217
4786
5373
2614
1680
7017
4158
5182
2511
3324
6193
1925
816
1391
6422
4574
6860
4897
6992
1469
4067
6331
5331
4800
4431
6510
2384
6190
3768
3952
6728
2396
1969
6943
2045
4000
736
4860
6245
6716
6536
6672
984
5927
5488
3462
2454
1647
2051
6491
392
6070
3962
3630
5380
244
5197
4596
5810
3472
6354
5440
1242
3394
6786
6278
4589
1945
3199
1386
1132
4444
5757
6302
3088
4440
4745
3654
2974
2542
6026
2496
372
1710
4028
742
2575
4663
4704
1230
1409
731
2771
2592
6922
5213
6006
5959
6429
564
354
7029
665
3159
32
3494
3012
4578
503
3231
1157
2008
4879
1428
4924
528
5373
2733
6083
3007
4434
526
3851
3829
1011
3210
4188
6110
5648
2028
6967
5343
2518
3102
5127
367
3542
780
6114
2964
544
1776
6721
6580
4561
2686
5401
4941
3271
2018
6857
6312
3762
3978
2880
2617
700
3187
4183
6818
1765
1414
6439
3748
151
3994
1890
4312
4122
5293
6998
1168
3659
1728
6955
4520
238
884
11
3295
1995
403
3825
5771
6579
5069
4583
5655
815
5054
2996
5689
4226
5420
1279
5296
4334
5347
6777
2214
87
5769
5443
179
6889
3820
5565
4739
2612
292
5148
3946
4213
1451
2936
1234
2511
5597
4351
2195
662
521
5224
2353
3205
6224
4981
2085
3986
6328
4117
3579
5445
2251
688
2210
3250
4361
6761
4889
2780
6692
5349
1780
1222
2914
3475
5782
1358
3740
5623
2816
183
2634
4227
5848
505
5394
3909
6280
1014
676
2906
2399
474
155
1612
5645
1381
507
1504
6481
3811
5697
3644
3967
4721
3447
698
117
6931
4391
1347
1206
2763
4242
1615
901
4061
6090
4365
2152
6616
6710
5147
6301
2117
1774
4761
3762
4803
6457
3452
6295
5242
5368
4499
5666
3634
5431
5393
6532
4485
2668
1241
5472
3438
5935
1811
2448
4719
5802
4548
3433
6086
5952
1259
148
578
434
2689
1201
2306
1531
4204
1751
6315
5670
2487
5078
1643
6599
5909
1014
291
3985
3324
382
3685
5664
5687
4004
982
3352
3639
4900
5013
686
4922
2703
1563
2351
5364
6101
3105
7061
4740
3946
4122
1253
1600
2807
3075
2760
6414
512
6866
6308
865
3094
5980
4976
4131
6800
5413
1329
5066
3390
1282
3440
1456
6964
2869
3247
3914
4897
4641
2983
438
3865
6996
3636
2148
2619
5894
3513
2731
5558
4403
1124
5328
4586
3189
6973
2820
1545
4099
3689
701
1400
6789
6796
2601
5545
4364
6714
5955
1309
3877
6352
5213
6136
269
5981
5553
6391
1086
3728
5219
6658
1221
2925
6795
6663
961
4170
6447
5481
527
4378
1516
2818
2416
4977
2272
6224
3593
311
266
3910
535
4217
3867
1280
6835
1853
2238
3398
4938
6926
2790
4499
3607
4900
4458
4008
4262
2952
437
3669
3411
2478
7047
5788
2575
1435
2561
1531
288
4629
924
4727
5888
1907
3742
1157
5520
3731
3676
3847
3670
2005
3846
235
2740
1208
991
5401
4005
4559
6554
817
1377
1010
2043
1519
5294
6525
6815
123
6460
641
6414
6960
5367
4053
1652
3603
6975
6965
2625
2239
565
2482
3112
6014
5298
3619
1770
3973
1707
5508
6228
275
5546
4482
2875
6620
4429
74
683
6821
6045
2337
472
5585
4900
1365
5911
3934
6084
956
4762
2686
2402
4433
5125
2489
6525
2178
126
2676
5363
2654
3101
2576
5138
5664
5040
6338
759
894
3211
3165
4978
6587
6914
1583
3647
1561
6987
3866
3065
6067
5813
340
3052
4424
2821
3920
6639
3893
3993
6331
3035
1576
5829
6113
3653
1106
45
1285
3638
535
2091
917
250
2200
368
3718
2263
2985
5016
5431
1288
6295
4876
4715
2355
2854
1959
245
135
2472
2485
5444
3195
2199
2247
3170
144
3557
3007
4680
5326
4679
5339
5015
5141
5363
1851
3623
6728
6689
6371
7003
2591
3810
2382
304
3257
6143
5822
765
1570
2937
2863
6275
4217
5635
3010
3682
1632
3604
4087
728
3038
899
5249
6141
2184
4410
6856
965
6942
4327
1541
5109
2787
5307
1644
2171
4569
4722
6654
6483
6736
5679
6132
1208
5606
5966
2095
6544
1404
2236
6588
3462
6563
3068
2986
1145
4904
2252
3520
2001
6413
6846
499
4224
5175
2382
4988
2660
2070
1843
6185
4565
6953
4142
6406
3963
6155
3178
311
4609
5324
3770
4178
5751
735
2878
2293
2734
2037
6338
6295
2965
5795
2331
730
2576
5563
4963
6513
4316
5336
769
3823
4922
6618
816
353
3116
1955
3421
2094
682
485
5705
1441
3095
6599
5018
3735
4446
1156
3117
4465
557
1155
1064
5789
4976
6653
2229
6408
5171
3239
1857
2771
4775
5135
635
2749
3705
343
2711
5639
5228
4593
7050
2016
1588
247
4494
1612
1434
880
5436
5111
4962
4258
297
290
5122
3663
1543
4459
3238
6266
3691
1262
3595
6683
6499
5723
6646
40
6298
2105
4819
4784
3128
4279
1985
5908
2999
6276
3252
4036
5052
4709
4742
385
1133
6440
4863
853
598
6667
3062
6344
1605
2895
5276
1560
6581
2442
2881
5257
1454
629
6450
1888
1434
5632
189
6322
5258
2045
5245
4686
264
3985
964
4699
6160
6928
3094
1571
374
30
7019
3368
2311
2985
1620
859
6365
37
2898
7045
4115
232
3550
1814
557
2122
2125
4994
6295
6821
4713
6019
7047
162
1622
5603
461
5533
5596
2759
1830
2866
1861
3036
1861
2399
4102
3568
2777
3363
5446
3403
2580
6928
5527
1147
3391
2791
27
2264
2279
1940
6910
3658
5625
843
5066
6626
6947
4855
6950
2585
3987
3257
3641
6088
2363
6016
5183
428
4512
1253
2314
6587
3760
2916
6722
525
2160
5830
1699
1863
5432
3533
3343
3281
2243
4194
2639
476
6703
6888
5914
2948
4989
4053
6705
5241
2022
5862
588
6184
4446
303
5416
6102
2265
44
4547
6155
1261
3428
3175
1605
5996
925
6411
3927
2729
6986
4575
1973
260
5384
2441
3005
5144
1345
2655
6936
1045
3130
5412
5090
2151
6845
3144
1370
5912
4993
1068
2230
345
2860
1377
1849
5532
1098
4824
5900
4938
5225
2094
2256
3322
1225
710
6861
868
3411
2421
5317
6551
5478
2290
2756
6042
276
1023
5583
4199
5089
4899
1272
6616
1162
35
745
6192
1801
3064
5574
7057
6247
6232
6950
6720
6333
3410
4128
5581
2398
6293
2315
3106
3361
3825
6993
3387
5550
196
4206
6067
3302
6506
1947
5132
4648
6536
2514
1470
2462
658
2857
6908
5634
6880
5816
3229
6619
580
4562
4797
4101
4784
2644
3265
3410
135
6525
1445
562
1979
465
3620
4176
1504
3980
1930
3214
6023
4911
1459
3412
6316
3513
14
613
6815
888
3210
332
5261
5421
5756
5798
3664
6120
2398
6286
1528
3329
3702
6127
6222
2036
1319
3502
6726
283
5259
4210
5645
4099
4898
6077
5820
1067
3189
4213
5120
88
5921
1037
914
3023
2921
2379
3685
576
2473
3545
3806
2012
3731
3131
5477
2584
4737
4242
5207
2871
269
5740
2692
4459
3086
5137
6686
1820
5900
3333
6946
2007
114
270
1681
5289
5143
4977
1842
5258
5416
3707
508
2957
6259
683
522
633
5072
4675
5488
2696
1508
6357
4864
3163
2604
335
5047
968
6346
4101
1583
1161
5230
1714
2013
5059
7020
6045
5058
6463
2483
2946
1281
5582
2301
584
3073
4616
1982
2221
2562
2737
493
561
2613
142
3710
4981
4078
4077
2025
51
286
5509
2925
3847
6000
271
1433
4798
1905
149
304
6118
6976
1050
1852
5216
5114
3180
1427
2941
618
1673
1161
5188
478
928
4259
6512
4082
1494
3094
2077
5069
4113
143
4079
2816
111
5009
5970
2241
1125
2347
2478
5755
662
6829
5695
1351
3006
4455
3487
3974
5774
3427
920
6220
6408
3958
3732
5567
92
4963
6686
3347
5304
5426
6402
5360
295
1949
297
1567
5732
173
3904
2161
2851
4242
3290
4059
923
488
3345
3768
5414
50
3415
729
1817
621
4879
4294
873
2819
2006
99
685
3032
3367
220
3590
925
1868
4292
5615
4612
2187
3012
343
4497
868
4527
4643
2265
3721
1591
4697
4825
6416
2236
6640
4999
4929
4241
2739
3917
1638
5448
3394
257
4792
3037
2582
3350
4993
4536
6594
3807
3727
6333
409
6983
5587
6212
2052
2200
6262
630
2674
2544
193
1115
1699
3244
740
6600
1576
834
5365
1029
698
5014
1439
5399
846
4607
6004
5345
1849
1198
296
3626
2543
3395
4722
2565
3456
6689
46
5302
557
5106
3937
607
2185
3295
2383
3126
4903
3561
2689
2959
2423
3922
847
2188
4073
4427
5916
2859
2539
3634
2799
4488
3051
2359
6304
4533
533
2948
682
3484
2078
4044
1954
4580
2340
2067
6893
1045
4477
67
4890
4461
5787
6288
3984
4505
1484
6578
1854
1159
5866
2142
5637
738
4512
4425
5864
700
3049
803
312
3361
5392
315
2969
3230
1686
578
253
6710
1156
2593
6050
4021
2801
6306
2807
2232
2382
2157
7021
3330
2784
1630
2283
424
6025
6132
3379
6588
2872
473
6333
1826
6466
5451
5359
5844
1753
6053
2638
1201
3503
2197
701
839
5673
105
4649
3627
4860
6127
1031
6532
2552
2974
1468
160
4832
4919
6679
3218
856
369
2679
298
5562
42
5211
1435
6077
3102
2401
679
4215
4079
3256
2635
2101
5318
5792
3262
2790
1609
3920
5205
2121
5025
1130
4102
5552
5396
4885
1062
3208
4332
5162
2792
339
6930
821
2329
6469
6492
4461
5248
6649
6028
391
915
436
537
706
6486
4455
3147
3404
6957
4677
4841
2447
3882
1455
2952
163
5498
6591
6308
927
5564
6641
2925
4521
3546
1748
2218
1622
3467
5097
5027
1734
379
1313
5658
5639
6411
2969
6790
2595
3108
5378
5159
2128
723
2362
4257
4010
5232
311
1213
343
2230
6596
6849
4869
5204
1893
3571
348
4002
5901
2377
5209
6368
3445
3524
6868
1193
6843
3445
6455
6009
1634
5379
3050
1294
6160
5031
4970
1985
2063
7048
4794
2433
5025
671
6206
6473
6134
5497
1066
3962
1173
2724
4488
3604
5100
1112
5352
6847
3660
1270
3870
6133
4941
16
4748
3187
1485
2772
4627
33
2849
6294
3734
6340
6455
2319
7052
948
5416
2978
6673
2235
6226
6493
4710
2124
5642
5874
438
3418
3192
1408
2097
3358
2912
5209
2417
1073
3081
2660
397
1315
6762
4931
4097
5005
6978
6703
4148
3544
4872
1423
883
4806
3346
351
4054
5272
3190
4997
5981
1617
6923
306
5189
356
1696
146
6905
596
3560
1031
2994
4734
2613
542
5732
614
5496
2247
2716
3021
1044
128
6204
1188
6460
297
123
2238
2592
6196
6595
2694
3891
2607
5901
3275
5742
1901
1980
5526
6420
1249
6747
2475
3906
4792
2423
6999
551
2941
501
768
965
147
3069
3812
6779
4893
5920
176
1821
6774
2591
3537
3210
1095
4514
5072
1462
4273
752
3217
2382
4919
552
681
5313
4726
3135
4364
2210
4385
3405
249
1304
6904
88
2036
6911
5484
3106
2920
2265
609
552
5295
3693
2272
4645
4228
129
4110
6357
3092
4742
4752
2441
6358
3247
2212
1639
5082
4669
6505
6829
5048
5251
4490
422
4132
5573
6653
6087
6810
6767
6198
4163
2488
383
723
6466
3649
776
4837
4731
894
1124
155
308
2434
3654
6781
4816
1255
2028
2527
2630
2793
4984
5439
1190
6160
4398
6415
5014
488
1135
3427
1334
4679
3929
1907
3868
2894
3032
6273
2212
2552
4467
1365
1264
5433
7005
325
6918
6753
2214
2952
1698
5195
921
5067
6792
4744
432
4328
6761
731
5631
2872
630
3476
4574
5793
3297
6094
2537
2149
2649
6713
4348
5319
124
5527
2994
600
3080
6545
2718
2782
974
1124
376
5097
41
1591
6746
1746
2682
5792
5859
5748
4481
2975
171
6640
6286
1886
1390
1982
5646
1052
3622
2406
5421
5660
4798
1435
1221
734
2764
2550
1201
3047
6910
1386
4513
4895
5764
2478
4785
1882
6623
4180
6915
6396
2287
527
6442
2834
2912
85
6425
6947
2579
449
1392
1680
1284
5352
6284
3457
5466
1352
4022
5726
151
2025
822
979
4288
1587
6222
6177
508
2209
5085
1817
1663
6953
1321
4414
424
2486
5092
3825
2549
1124
6354
2412
284
2207
2178
5419
6495
2818
3029
4417
3838
467
4561
2754
4138
2482
1242
4341
1839
2423
4694
3652
5579
5172
2921
1339
3274
127
6602
2971
255
1482
4443
5086
7045
2563
4211
171
1459
3521
5823
4296
4978
3073
2273
4292
3718
2241
4443
4060
2286
6553
1364
760
5797
2597
1418
5399
5281
2259
4896
4819
3854
4277
2001
1910
2645
2875
732
1156
527
573
1869
6293
3112
2234
508
1879
5279
4274
4852
6138
2283
4916
2615
1650
881
7052
2392
1643
6843
2467
4495
5906
3237
930
2580
1710
5371
1641
4738
1582
6610
615
579
1435
817
5618
4128
1770
1465
4051
4580
2987
1369
1139
3421
3524
6931
2728
4463
7036
1645
2407
4724
3520
808
6366
5258
3676
5604
5729
5131
726
3175
1812
6044
6742
128
5032
5229
2806
1795
2047
2072
516
730
4398
801
2758
5656
2799
4044
2929
441
3136
3771
1160
556
158
5750
1932
4523
2942
1696
4851
4175
6918
4936
3019
590
2177
1646
758
6840
2783
1550
2925
1512
2356
377
1576
2248
3706
5012
3001
3503
283
3526
803
1864
5775
6507
931
1954
2875
92
1233
5662
1902
601
5492
1962
2858
5680
1080
2714
6244
4548
6495
2220
1906
2319
6535
715
4213
5217
3358
3139
5591
705
3275
462
1463
3359
1379
6328
5109
1711
3403
3103
5448
264
1381
5682
3188
3924
362
612
5242
2534
3293
5070
6489
1474
3283
4164
5403
5779
4501
3142
4925
4334
3200
2691
5190
1238
5873
581
4396
3418
6368
5195
3421
5630
1108
1864
5301
1983
1949
5156
6421
6129
4510
1998
2649
6665
802
4865
6013
2247
1441
5890
5934
3353
394
5472
3390
3804
3890
1388
1532
3161
723
2338
6819
4134
4483
2191
6703
1290
1159
4310
6668
3600
105
60
6092
241
3073
4876
5987
652
22
1811
6484
1468
5929
6098
2786
3345
4027
2748
5624
3258
5700
3267
5473
5410
5092
6354
5048
4875
2434
3870
199
483
2423
3697
4999
7050
5440
5805
2942
966
6940
1067
5439
2864
6433
599
6560
7044
2476
2797
3493
4541
3931
1953
278
2034
74
4533
4140
3861
5989
1604
6376
1051
1043
543
217
2159
6494
1056
6899
6346
4981
853
1965
5773
5868
695
4012
3358
6502
1055
2638
3109
6690
624
6985
6693
3719
2398
1382
6118
6847
5197
3855
1818
721
1315
593
663
4126
4325
2030
3991
3630
3288
79
2021
1568
6827
4565
5814
4591
3612
3279
993
6717
6827
6262
2641
6990
5427
2486
5085
3157
6465
3501
2091
2527
1031
485
3069
3602
2674
7025
3903
357
6457
3055
1163
6161
517
6381
3439
4512
5989
165
3576
6624
126
4321
5000
5233
3320
6842
4069
4571
1436
3143
6052
3268
7041
4636
4511
825
4820
2809
431
2472
2596
3554
1842
5489
4583
2506
1748
5496
3528
3801
1674
4978
4977
4363
126
75
4417
6239
2454
4704
5839
4156
3640
6363
2320
6378
872
824
5227
5447
5214
6388
1326
2952
4462
6894
2350
2109
3783
1942
3177
6284
675
3733
5005
6272
6388
2779
5372
657
4042
2840
5745
233
754
2908
2933
1997
6006
1808
6315
1269
6521
5391
3892
739
3352
2138
4627
5028
2186
1418
3246
178
3606
3458
3095
6418
5848
2036
3767
6360
2001
1201
1228
1203
3590
1508
1880
4129
1771
2233
6116
577
5133
6493
6281
4511
5468
1209
4266
654
1606
4004
5890
63
4205
77
4275
4739
3624
4134
6884
5736
6407
1801
4019
6639
5598
3164
6087
2859
3120
4742
1737
2834
3150
3326
5022
1636
5984
4104
4493
6786
4844
5892
5773
7005
3692
4178
1178
3323
4589
2430
5276
2045
3333
4073
3241
6055
217
5704
2207
2055
5183
5923
4295
1642
4622
1186
5173
5345
5886
1218
6357
2270
596
3991
2928
4507
4391
4231
3142
7054
5214
395
1765
5190
2785
2325
4587
2361
4543
5173
2527
5548
2397
1623
5696
4050
2339
5480
6995
3065
1154
5812
252
4182
7017
2191
5755
4224
5519
4054
5843
3379
1065
2484
6486
1136
7027
4058
2334
1922
3734
4614
491
6728
5792
2335
403
5336
6443
2953
4231
4562
4024
5241
3165
74
4020
1863
289
5670
6986
5772
184
5399
1985
4672
5929
6794
3810
5999
2973
4837
3841
6138
4928
3054
711
5196
2736
2194
5113
985
4156
1743
3725
3697
613
6427
344
2291
87
5023
1872
382
97
6983
5314
384
2793
4732
3027
2739
3807
542
5208
6167
7043
1435
1086
2272
4062
5105
5349
884
3448
3672
5866
2017
5639
6703
6033
6727
7031
4497
6438
2552
1148
1388
2278
1335
3339
2643
4825
6043
4927
4970
2402
3474
892
1570
5815
4358
6500
3692
1594
6713
2181
6745
3775
2546
4010
4755
347
1169
3324
85
2178
164
3832
2991
5442
3698
4828
4904
3805
4223
5655
1606
4496
2352
4093
5413
399
4126
5370
3181
5981
1563
504
470
1472
2110
5331
1693
3289
1620
6378
3932
1653
4184
278
1352
1279
5018
5416
3257
5762
6670
2804
1509
1288
4111
4073
4885
1222
3652
4875
2410
3440
5933
6320
3977
4403
6029
2441
1836
3511
6420
687
2377
4106
5194
1006
1723
6552
3096
4443
3012
3086
4292
6239
6016
6366
5221
5581
2548
1107
7008
3988
6190
343
650
635
7023
336
3112
4971
6103
5669
307
3199
6525
4084
728
5184
2221
5736
3205
3015
4579
5570
4486
4896
3488
1139
6570
4220
1363
5691
4921
5178
2794
4393
6134
5198
4263
4122
1782
3045
1248
2695
5334
866
178
3742
3
2837
2320
294
5919
983
2230
722
2020
5289
2296
6922
3854
237
2798
5844
3021
6992
4372
3098
73
70
4225
1572
4786
5118
5139
2615
172
2879
4702
476
7049
6340
1828
1120
2937
2599
3886
2673
5620
6337
14
245
1961
625
2655
6877
2285
2750
3128
6374
1133
6811
6124
5858
2479
5904
1575
181
3586
5930
426
4766
1886
2664
3525
1540
4149
2892
3887
5544
5244
5930
6416
6486
1518
1468
4929
3358
3543
3017
4316
5972
3189
1172
2317
6819
5321
6417
4738
823
3740
5851
6405
2881
5102
1621
2012
5850
3125
1415
570
1372
4045
425
6826
3883
4180
2456
6587
4484
934
1326
6491
615
6236
6188
540
4253
4436
5469
6140
2478
5882
3000
2850
74
5685
2862
1550
4815
6278
5412
800
5444
2234
2839
2525
6315
3186
2776
4746
2286
2591
1235
1889
6230
4665
5882
1775
819
1735
2280
2579
2088
5609
3343
858
4210
3651
2620
3572
5060
3687
2237
2031
3664
5619
6732
4204
1850
3607
724
2601
3453
4118
6920
1311
1279
4382
4132
3575
2430
512
673
3414
963
6362
6419
1997
4366
1824
217
5949
905
1516
5967
3806
194
3179
5126
9
2537
2435
2445
5622
2067
4985
3175
4055
2171
1186
1706
6983
858
1638
3096
2311
224
402
1920
2326
6621
5611
5580
4865
6016
5193
6670
2023
243
4149
3092
1443
4805
1170
2415
5264
6028
2992
3184
5260
6605
4631
353
1236
359
2803
5030
3069
5063
3417
3098
5748
5174
4733
141
3387
6649
5301
3777
918
6670
495
6748
4696
2184
5372
5948
4023
4398
3093
2296
2756
3737
6338
4452
2448
3975
4423
3505
5356
4217
1109
3941
3762
5452
1342
3051
1359
571
4969
5606
2215
3373
6415
3545
2695
5193
2585
1034
3172
3173
3491
5462
4849
6290
4176
2881
4190
1746
5725
639
6695
3321
6443
6250
246
1781
4576
6614
3886
1244
286
3661
3060
2223
1906
1999
6334
3403
2996
1512
104
5097
4142
4244
1988
148
6219
3482
4655
236
6824
3248
4456
5400
4576
6059
4817
6200
3777
515
2784
6911
1781
6097
4525
258
1756
2178
5893
7028
5776
2199
3287
6785
278
3845
727
2756
2131
1083
2578
2433
1787
2168
1770
2651
689
4888
6693
6535
6907
5021
3128
6165
6415
4394
1353
3623
3721
938
4341
3778
5794
3514
6096
87
6797
2500
4655
2681
2389
1356
758
5508
4334
4559
3926
5122
3191
6604
1302
2109
1799
3647
669
2539
5518
5427
2740
1587
2579
3892
1243
3204
3932
6687
5646
4902
6930
2662
524
2512
1555
1129
882
4072
2817
7055
5144
704
4507
80
5061
6024
5360
1474
6023
6071
5812
6338
2656
4528
6635
2926
6145
5595
2587
4326
811
4827
5600
1385
2929
4283
1811
64
4593
6928
1105
5673
5168
387
1585
4362
6243
3238
4908
3443
952
3344
3946
4616
4787
1822
5212
3128
3988
2457
1
5712
3319
4988
50
2786
648
6230
78
1006
1283
1754
5923
756
1586
6103
904
2278
1309
88
4096
1116
405
5103
3386
4990
2589
5708
1251
5048
1544
2531
5976
4392
3156
4285
5210
2874
2475
1392
1789
2063
5167
6655
2370
2449
2644
2521
1888
3546
2907
4039
4417
6457
2560
3537
835
3824
1783
468
645
950
2122
4899
1160
2242
406
6542
4760
5029
335
4901
947
2280
2976
5978
803
5071
6401
3262
5774
5547
5729
5210
5770
2710
6630
2237
3417
4993
3094
5912
646
4074
5355
700
5436
4847
6467
840
58
5580
3998
4358
1605
837
304
5592
5697
3833
2670
1886
4229
5276
1720
1015
5242
6651
1480
1147
2924
6067
6409
6774
4885
3636
372
3683
622
5569
3837
3496
450
4794
5487
5121
3076
2043
6774
5114
3855
2844
511
6529
660
1715
2646
6539
6225
1462
3461
5950
836
3883
4027
4084
3735
5042
5153
2543
487
65
1117
524
5062
6107
3177
6009
696
4702
2612
2994
421
5592
4479
5892
2226
4207
5071
1368
5363
4114
3606
4527
4373
6950
4352
3586
708
469
6316
5244
5694
6793
447
6624
5188
2818
6407
2372
6831
115
2092
7026
6856
1612
3028
3305
3497
5444
6827
2415
5396
2172
733
7010
630
6625
1671
2535
6749
2477
6518
2503
273
4025
7033
600
698
3488
735
3055
6466
5956
4939
2761
1909
5027
359
6091
4613
1386
1100
5198
5547
5087
1381
3084
3967
3883
5905
883
407
6623
4601
2829
2290
7047
139
4948
6878
6287
523
1035
3180
7054
4800
4404
4841
1688
3151
1946
2851
2463
3296
1294
2114
725
3971
3769
5131
3232
3541
1512
5111
6211
5026
4830
4355
2789
173
2131
783
3735
4202
2969
3292
6785
4757
1885
1528
5136
3396
4815
875
3176
3256
1625
352
1225
2850
5206
1445
6179
4168
5976
4450
5159
1338
6507
3155
1565
1680
847
6002
2864
4687
4920
6621
4981
4976
2361
3571
6918
1223
4856
5557
4623
2724
5159
94
2528
2947
4785
1048
2660
6530
409
3386
6952
5586
4220
6738
1124
4530
2967
5556
2248
1629
7037
1389
6086
4941
3002
928
5916
955
5212
5544
6068
4982
3775
3014
2563
5392
2721
4431
3355
6461
4240
4317
5948
6740
4932
5507
661
5152
5624
2751
5934
1596
1944
45
261
6193
986
995
3641
978
5525
1071
2626
2053
1762
4937
5510
429
2208
3288
1003
1433
1253
4622
340
4203
5786
6052
3517
6465
349
2753
1206
3711
5688
3079
619
4681
1700
6685
6718
4052
1643
177
4387
5032
3308
1086
1306
4490
423
11
5291
2917
4323
3396
5032
3706
6499
296
3221
6305
1509
4661
117
5867
1678
5134
573
3956
6129
4946
5605
3897
4198
3299
5389
4943
1634
6609
1180
4943
6053
5854
1712
2591
6047
5130
6366
4234
2855
2433
5743
1368
1814
5391
3149
2159
6379
138
4219
6397
1303
1898
6843
1974
2985
5013
1141
1960
1880
3700
6369
6902
6729
2213
1263
934
1991
3681
4285
1200
6701
2462
4360
5201
1641
1319
5869
6699
3750
6717
6000
5201
6848
6348
562
1759
6280
2143
3927
2373
5607
1145
2614
5674
1215
2966
3163
6477
83
3991
5318
1295
3222
1408
4240
3324
1805
6407
6390
1260
5925
4143
2
6528
6336
2439
541
3983
879
221
1350
2855
2153
4348
6291
2973
2240
5118
2977
5033
1113
725
5146
560
6729
1958
6229
5236
994
6420
3207
2798
3684
6609
6811
6551
5516
1274
6812
4592
654
4482
5302
367
481
6220
5330
3309
2315
3382
1084
6564
5603
6892
1182
5607
2518
501
3090
5067
3008
1730
1608
4097
4233
683
2077
3868
4507
3727
6772
3211
6880
5
4429
7038
580
2141
6239
62
1020
1795
1990
6365
6157
2345
3549
515
1501
2030
3104
4984
2169
4305
4807
6618
2564
1555
1976
3696
6235
924
6101
2667
4706
4349
2132
3747
6721
1137
2953
5844
767
889
5486
4710
264
4444
877
2273
782
7012
5963
3586
6199
1622
6968
2551
5214
5395
439
4058
3631
4673
5675
4729
1881
5070
4708
234
2183
740
9
2456
843
3704
2745
493
959
2640
5103
5739
6674
6899
1321
4730
4067
2525
6418
824
1634
382
5071
4440
2547
6969
3891
5165
43
1106
4753
4357
1574
1309
1480
5272
2248
428
6150
5648
3941
6276
5589
6308
3955
424
713
2901
4932
2781
1017
1433
3387
5849
641
715
4709
2012
6893
4256
3741
2119
549
707
2845
5700
5062
2892
4374
5106
1789
1633
6204
5434
5162
967
5606
4590
3726
6137
1343
633
5671
2269
614
3166
856
6503
3676
3697
1116
6989
4737
2438
3693
6908
671
4819
3054
3288
2625
6034
3924
6491
0
6337
4725
17
5761
412
6073
4760
5148
196
6363
4696
5593
5922
3016
5603
3564
2674
2793
2886
6789
5873
1104
6583
4804
5452
3532
3329
5063
987
6218
6530
2367
4996
5004
3032
1450
4022
3018
3499
3788
7004
3225
4899
6389
6815
2565
1955
5217
3482
6886
104
391
5634
2189
4686
4206
4287
3961
640
5891
262
3602
5222
2751
407
5818
3242
3872
81
5909
6892
1040
2345
1495
1177
1747
4311
6570
5805
6857
2548
6404
612
6902
4127
1728
5548
2752
2204
4452
1652
1869
4630
6870
2493
2996
1545
4310
2519
1266
2236
368
4607
2414
4529
2713
1010
3936
1445
3339
1803
6040
1695
1223
3645
1152
4518
2231
3567
638
3490
1869
5110
1255
308
2837
300
4355
1655
5899
2836
1659
5423
816
3249
3465
6828
614
5257
1277
4788
3718
1285
2889
5391
762
1279
3530
808
1618
2988
6845
2225
5071
685
267
2366
2669
3231
2969
5425
6063
1199
6325
3531
6320
5788
241
1797
897
4161
2018
1807
2808
5444
673
1276
1903
3328
3924
1315
4010
2848
1994
341
3071
4099
5559
43
6560
3974
4573
4387
6146
621
2563
6003
4423
3445
6351
5857
4641
417
6422
3210
6996
4893
2062
5354
5360
2464
862
527
3062
6418
4965
3844
140
1215
1481
3718
3311
4773
3692
2332
1907
3387
4513
3706
2432
4927
457
6167
1776
40
5539
2849
6304
6602
5184
3587
4066
6001
5507
6028
2204
5795
2457
1115
745
755
5147
494
5943
6657
1386
731
6350
3034
4883
6155
3839
5315
5051
2894
1568
836
2178
1060
845
5487
995
1681
3773
4611
3861
186
921
1811
1291
3242
272
5116
4693
1760
4828
1609
6242
5141
5568
4471
1621
6366
6012
788
383
221
5662
2436
401
4690
5999
1702
4381
1511
3778
1931
723
5260
6699
1687
5489
6873
3145
3988
3234
1445
3191
877
2834
4913
3573
2098
1766
5073
2302
48
1932
128
4062
5330
5290
1097
1222
1961
6289
1952
4934
5159
6663
1870
4619
1151
4426
665
6135
963
3127
5723
2136
1131
6678
4662
4784
3884
6326
3001
831
2055
2035
1574
3124
958
5710
6925
941
6584
2924
3002
5998
693
6735
5555
5912
5191
3393
4184
6168
4658
726
1939
5264
2740
1622
4121
6113
314
2480
4156
1073
1701
1287
1596
3658
4661
2468
3463
2921
3053
427
5017
832
298
81
5318
6771
1438
1421
5468
5351
4043
3250
687
6333
6007
2993
5110
6669
5747
1602
6643
6202
6355
4240
858
1566
5750
1097
5657
4876
1514
3298
1366
5640
6015
4100
818
1283
6928
5920
5593
5180
6974
6341
1815
6719
6381
2922
5875
5933
5238
692
3800
3598
2147
3011
6085
5629
2532
4320
837
4845
3423
81
2252
364
1950
134
3859
3477
907
1161
1343
6533
836
1093
723
2007
6109
404
6535
664
4710
880
2751
4342
3133
4760
1696
2077
1109
22
530
1293
4727
3857
1163
6089
1559
3371
1868
374
4750
5679
5417
3449
3914
4361
2615
2963
1357
846
3028
3922
1573
3543
2880
6983
2601
2264
4601
4566
1201
4970
4389
4940
3892
3571
5614
5190
5360
554
5644
567
4835
956
4215
3889
676
2850
4019
6515
5201
2821
2464
6198
5193
3349
2395
2351
3885
4619
3950
4684
312
5569
6083
5504
4968
4797
1046
6334
5103
5888
2140
248
220
4006
3825
2684
5269
1024
5525
4644
6898
6472
5148
4022
3038
3106
860
4809
6748
4903
920
3479
6755
2271
3984
1563
1216
5098
6149
3736
4163
6752
4080
6716
759
3835
498
4990
3953
5022
2376
6580
6892
5797
143
3022
4138
7024
4108
6031
4290
2764
5609
6504
6373
3979
467
2024
6934
633
2688
5210
1140
564
2442
4768
4947
1017
4285
3873
1140
811
2675
6506
6980
318
4665
2416
6471
84
6764
6029
3636
4043
4639
5475
6795
466
5936
1782
6775
3646
4121
3118
3826
2689
4464
5001
4419
5386
3930
4036
1938
3830
771
209
2864
165
1214
5473
137
6067
835
1072
3970
5301
4110
5585
4916
2044
6856
1849
3162
6499
2774
5182
3085
2650
1531
6403
5302
5403
6118
3507
6141
1074
1264
3905
844
1151
5592
1872
922
4675
2659
301
955
4643
6950
6293
653
2927
4281
4439
7035
1016
4806
81
1876
6650
6229
3757
5866
1453
6873
3147
2126
6000
2567
5337
4060
3626
5497
2677
512
1625
3012
4357
6330
1935
456
5507
5633
5185
4669
4760
4655
4728
6159
6322
5094
1315
1317
1665
442
2393
23
1016
4338
4789
5461
1977
74
5088
4870
3326
5910
2083
168
2519
2436
4489
3939
3066
1468
5269
1547
409
4350
1162
3248
3036
520
6009
2943
762
624
3800
1441
2188
5332
4281
2031
5018
961
4667
5137
2901
1148
4773
3070
3716
3352
6440
3421
2111
6065
801
3125
1105
3074
6587
1756
6726
4708
822
2630
643
3196
565
182
3327
4800
5389
3158
1374
2151
5247
6597
7037
4062
1884
6907
5535
5260
503
4814
4698
4253
2541
1815
320
4367
4663
6972
1478
5483
864
6112
2494
3173
2500
6307
1184
6972
1388
6040
6449
3905
2719
1974
2875
3338
3669
2930
6919
6396
2371
7023
361
3993
3736
4248
1146
4595
3290
5261
6795
3057
1489
4842
3036
5596
2403
639
2933
6513
3581
4281
1053
3951
4334
2755
762
6312
6040
3759
4638
3631
2120
5707
969
3674
6004
224
3732
6651
5728
6959
4121
4522
708
3411
6568
1418
6380
5455
890
5217
3997
2049
6138
5375
501
774
4553
62
1161
1675
1923
132
2323
1148
6946
3975
1415
4678
4713
1397
2546
391
5964
2388
2309
543
5787
446
6767
765
5166
91
1488
2217
6842
3167
1930
4480
92
1614
6004
20
1960
5849
5363
2660
739
1589
2712
3243
3978
1642
6475
3071
2265
5210
936
6154
1781
6020
4080
4615
6799
1096
3561
6607
1574
1419
3571
4991
3398
2265
520
2947
5819
1259
2390
4274
249
2073
2533
2543
5315
4561
3122
6546
4304
6241
4753
6305
6207
4130
4477
5728
6644
751
5452
5800
6285
175
4062
6151
3207
1841
2375
880
6119
1735
1627
2966
6549
1156
6760
4301
565
5388
4998
306
6970
5592
2744
3482
6203
6982
4683
5956
6874
3704
5473
3546
3722
2848
6164
4323
416
6063
6922
428
2316
5248
3176
856
3735
6744
274
5979
6835
5428
5689
2605
4342
6991
4243
3310
3456
440
6285
6131
6923
3312
3232
3980
2827
6867
685
959
5988
3991
3257
4457
1935
859
4481
4395
366
7056
1250
6930
800
2705
916
3527
2153
1331
2074
6826
2930
496
1335
6781
3559
5492
1568
4419
4871
2320
3426
7005
2862
1944
6668
3250
1071
2372
1610
3649
3527
4190
4301
2505
1544
1904
3678
6694
482
3322
6995
570
3726
5685
4663
5654
4770
2433
2546
5076
5895
3881
2182
6929
2718
2769
1452
3152
5884
756
2528
5097
2091
707
4513
2169
3430
13
4827
3915
6374
2379
3180
5
6827
1636
1316
2237
6092
5293
288
679
6055
832
3425
6173
6500
4608
4781
6571
6083
6725
2807
4420
4236
6910
4485
2324
2719
3432
2458
6034
5737
5151
1963
7019
6381
1452
3746
4145
5385
786
5015
2894
4714
2814
7030
683
6597
5964
5037
4552
5877
3558
2052
5740
5870
808
4850
5359
2096
5033
2678
5697
1872
5526
4701
2708
945
1626
4248
4030
2876
5444
1703
5939
5041
121
1531
1572
3175
1408
1522
5070
5749
6736
289
4544
2903
3323
2159
295
5746
2125
848
861
2155
1949
3660
4551
746
4592
6183
3255
1448
5141
6882
3064
2027
2472
5181
6462
3851
532
4043
181
1604
2870
6983
5544
6640
5081
6291
5504
2311
2610
2556
2940
4876
1134
98
5140
2264
226
5053
1468
5600
2852
4589
6011
1105
2111
69
5697
5724
6992
7062
2616
3481
3342
2962
1868
6851
2907
6024
3189
2760
5187
3175
4771
5753
2992
2809
6013
6123
6651
2073
3635
1173
6540
2877
1345
2828
1726
55
1168
1770
3410
6286
5808
6365
1471
1395
625
1829
2679
1392
6172
2218
1234
450
3854
4004
3485
3622
5920
789
4769
2527
5313
5881
1239
1443
6293
1387
2461
4708
2210
4414
1606
5023
4580
3981
5508
5273
4402
6560
5790
3623
1286
4196
5942
4672
711
2682
5313
3759
2637
216
803
4226
1639
989
62
6332
301
4484
248
5812
4394
1695
1251
6161
6585
4845
2887
2150
7035
6052
1189
2317
4974
5663
328
1506
4828
1457
356
2822
6478
493
749
3910
2137
6480
6183
3239
105
2089
2372
137
5107
3839
2911
6025
5578
2667
1959
744
4597
556
1047
934
88
4347
1764
2271
6545
4502
3874
3515
4900
6921
3785
6923
1070
3755
3503
3604
6045
759
1154
692
4466
4461
5016
95
2152
98
2386
1843
806
1884
1713
4875
3176
2070
5579
61
4912
2153
958
6892
1398
7024
1116
3536
4966
6406
5863
147
3192
1983
3449
6971
3133
2315
67
2524
141
6623
6217
168
1800
5518
21
6380
5792
5572
490
6448
789
2170
5959
121
3301
132
6981
5292
716
586
3598
3088
797
1862
1202
6333
237
5637
1410
7017
1339
6647
5495
6108
1975
4007
6761
3684
2025
1177
1274
2163
5702
3233
433
1312
5175
3882
3045
3786
6344
4337
1471
5846
3359
6083
3906
6144
2288
1731
6995
1284
3543
6868
265
5393
3290
2385
1434
1936
6642
1331
6891
4382
5212
495
5476
3051
3455
3778
6214
4467
6409
6298
6003
5202
2390
2476
4118
5443
1831
868
2923
4407
3833
1798
3899
3950
3596
3238
1109
1428
564
4756
2020
5618
155
1071
112
4393
2960
4148
1216
6720
503
1592
4730
839
4435
3407
1154
4373
907
1456
2323
6938
5908
5171
7031
5672
528
6113
6548
3866
744
3501
1529
2757
6913
1286
806
1764
1479
2722
4494
3091
4508
1850
5737
3557
2271
1190
1804
2972
6015
5774
3047
1392
6287
3420
91
4989
5385
3432
4819
60
6624
3422
4353
3462
2765
3122
6506
6312
3690
3505
4088
3040
4149
4554
719
5054
4976
5531
2784
3737
3557
2809
3229
5422
3461
6947
1321
3308
2526
3990
5397
4953
3948
5680
2478
4726
907
1639
6473
736
2435
4097
3271
4120
237
1221
5625
4197
2457
6921
2814
5872
2963
5775
4757
3340
2711
2350
6547
2099
4627
2197
718
5758
3880
3599
6540
1779
2370
4439
2782
3706
1549
2577
5196
6055
2341
4664
3697
5191
3403
5407
6529
4466
1577
5647
1080
6955
1269
2095
2838
3765
5576
2430
2506
3801
2951
3893
2578
3649
2617
6432
3356
3808
5306
3701
3819
5776
2727
6857
1166
1090
6649
3945
4176
5320
4661
4670
336
1130
4630
6881
2161
4988
6295
6318
5241
898
6211
4924
3262
681
518
1654
5280
1824
5930
4590
2214
3207
6562
6602
2858
2715
6529
5379
513
326
2549
3639
2362
5255
6659
3334
4626
5821
5449
4967
2025
369
1922
1133
5237
1573
4365
5198
1925
2100
1659
6077
1551
999
1839
4427
5110
5280
1507
5762
1709
3176
4051
2061
5050
5263
394
2552
6988
5388
144
6960
2607
5007
4870
1144
1726
1196
222
5772
1448
5927
5772
4743
3391
2008
985
5246
2552
677
4063
4857
6049
5185
6016
3394
6661
367
3334
3890
2050
226
1278
79
5338
4016
6825
6869
3321
2486
2571
1052
6587
2767
4376
6470
4001
3558
921
300
7029
6472
5890
5583
5703
3620
2675
6219
3783
4243
6694
3958
170
4397
1934
6672
2255
582
1259
5959
3465
6601
6413
5386
4783
6624
6527
1254
1856
3726
3636
228
2264
2224
3436
1272
4017
4873
2549
3486
3736
1896
886
3941
1526
6712
5302
110
6359
2220
1575
4168
5058
2170
3614
164
2967
3564
5465
800
5276
1862
5406
827
6825
6934
2711
2783
2482
1102
4146
1371
2010
6064
526
1561
6730
3844
4318
6739
3827
3687
1987
2815
3561
4513
1846
6751
5431
3593
2646
2032
2382
5254
4626
6482
1271
2478
6975
4905
1284
605
2435
3406
5129
3917
4065
1676
5931
1703
698
5062
3083
190
3725
3034
3926
3536
1691
3137
4010
4946
3791
2808
5327
5626
5441
6879
4773
5773
2968
967
5714
6951
578
3017
2120
6597
6861
3502
2260
5103
169
416
1984
2134
4868
6674
1534
6308
3690
935
754
35
5468
3630
3025
7026
4436
3673
4074
4919
4357
5926
4272
5350
2057
4718
2257
1762
3288
5627
5379
3916
493
5335
3172
5889
5881
4078
5092
1203
1498
2713
3637
6223
382
6342
3805
1651
1831
3385
1252
4495
3561
4503
585
1511
5905
985
5078
2426
6054
3020
1701
1597
3400
2239
3272
6604
3287
4225
5377
5073
2499
4317
670
366
6
2861
2612
914
4463
6036
3444
1852
2165
3238
3762
7053
5702
2942
3369
5436
4281
647
3868
1697
6189
1408
4128
457
1424
3599
6391
6351
1445
198
3678
5510
1133
317
6021
4925
5283
7054
5737
2023
4529
4825
1588
236
1156
6217
715
4608
2691
344
2772
4811
5807
2342
1359
591
2661
1508
3441
1577
2342
6564
5686
231
5773
6624
5956
883
4623
1395
2600
2368
6688
1004
1989
5310
1719
7024
6930
274
766
4108
263
913
6666
4311
5712
6448
4507
5644
5062
2608
4354
6584
3946
2314
5244
4625
5001
15
6679
685
1963
1220
3979
4520
5294
2356
3384
2996
5005
1873
4405
2757
3046
3332
3065
5868
2364
2679
4115
4127
3969
2386
6141
66
1999
4739
2440
4777
4105
514
2049
3250
3597
6057
3597
2664
6665
1482
5427
1081
1787
6176
1091
68
4428
2719
2925
3688
2099
693
1135
2927
714
5313
79
1004
4634
4361
810
1171
6258
3326
4546
556
5744
6649
6587
3478
6258
5636
3888
2614
1123
4659
3187
2159
7040
3291
2614
1418
4333
2356
4087
5293
6267
3782
1343
3342
6989
2513
2942
4003
7042
930
1828
300
706
5797
2695
4216
5486
6409
681
2057
3598
1271
2530
2415
2496
3082
1019
5508
2862
6302
2801
4373
5510
5227
5172
3003
4632
2750
1180
6462
2754
2051
2359
1655
1205
5403
2336
6693
4860
5724
4210
3482
6560
5207
2164
4389
1095
4485
3854
113
5801
4494
1370
6092
5943
3169
551
4478
6740
5270
5168
909
4704
233
542
1303
3191
3056
4474
5341
2719
2600
1956
4943
2815
662
5190
3346
4672
4664
972
1743
238
4585
345
5479
2530
5534
6313
4235
1630
905
1879
6764
4261
283
6676
3004
6475
1843
450
1124
6763
6143
1278
6060
2567
6441
6788
4353
3954
1295
3908
6692
6235
6326
2310
4969
6597
7045
6426
6796
5654
6356
6280
5196
2603
3580
6526
5379
4209
1814
5745
3403
2321
4284
6714
5694
4263
4322
4935
6027
4194
6095
6753
5413
6336
1803
6051
6671
3402
6921
5886
783
5126
5854
1417
1352
5738
1481
3400
1277
2832
2858
3792
5226
3184
4414
1508
293
6749
392
2246
3289
1912
2040
4829
3264
5914
6432
5184
1574
4927
7040
254
1349
353
1108
4663
5074
919
15
3787
1459
483
1135
2817
6499
4862
6339
4453
6538
5878
457
823
868
4157
5738
1358
3012
1518
6344
4067
4413
6415
4587
4462
820
2355
4704
3859
4138
5093
36
6035
4417
6987
6018
4579
4666
6400
5130
5025
2889
3294
4433
2422
2543
4686
6940
4353
3391
1736
868
1696
3861
2548
5400
6184
5246
3425
3520
1903
3107
3732
3412
431
2081
5882
828
2637
3238
745
800
2016
5423
6256
4018
5815
3994
4589
29
4468
5089
6287
4806
3942
240
814
3854
1950
545
3235
3524
6339
2908
6377
3359
999
5559
3700
1326
685
3750
3213
5230
6198
5942
5506
5836
5568
3204
3063
3468
3867
6371
1005
5454
3546
2859
5960
818
4722
3641
3464
2851
2817
1312
4075
6933
4762
4837
4229
6754
4160
1493
1823
2197
4935
544
618
5065
3823
4403
1313
4028
4579
4216
545
2279
3051
4129
6425
6975
243
2585
5823
1300
6377
6145
6979
6374
6190
6244
6542
4081
4009
2331
6889
1655
4173
2560
2812
1447
4129
1978
4014
4634
4377
6927
1255
4493
433
1942
3372
6817
4966
2142
1356
5841
1073
851
515
4762
6786
4001
3762
6473
1020
3809
2780
6366
6199
3754
5056
6693
4836
6720
831
4248
5905
5934
3463
1610
5469
1019
1095
2996
931
4252
3617
4125
1709
1276
4592
6538
3503
4478
2733
2554
6997
963
1147
868
5542
4295
454
6743
2351
6684
1832
790
3030
4969
1409
4771
4777
707
5419
398
4030
5805
5400
6363
2476
5538
5981
6713
7044
4315
4911
5379
5970
5015
4520
6834
1912
5756
894
1266
2055
2902
6336
1477
1524
3425
4774
5138
3832
3597
5407
4572
6805
2533
1579
6370
56
4765
4660
4185
5927
1074
317
381
1874
3475
54
3485
5481
1290
6411
5420
3387
6289
4420
5388
6110
708
4654
4802
1937
2910
6392
6165
3888
1499
5837
2643
2363
5403
526
5941
3054
6231
2181
846
3718
5536
4294
3589
3986
4215
1270
4335
6942
4609
667
3938
4799
4459
3141
2979
1450
87
3509
1026
1164
3936
6375
897
6675
5209
5632
873
2070
2436
2507
6590
6615
6112
5692
491
2400
6950
302
5562
1913
4433
4173
3939
3112
2760
3493
4220
5873
3812
2851
2009
6831
2825
1432
4125
4513
1893
6912
5869
161
4433
780
810
3609
5398
3694
4708
2476
2670
2232
1193
4398
624
4144
4216
1089
1955
3589
1563
6073
772
3598
4774
2441
6614
5338
3868
556
3264
552
3829
2824
2939
570
5105
2330
1733
5035
5519
4784
1853
186
2908
5308
5233
1657
4099
6852
4236
1812
3942
2274
6816
3349
2699
6840
67
2692
1553
1479
3082
5870
2430
5348
4085
2944
2464
1194
4035
1945
100
1511
5284
1394
5240
954
5907
6742
3301
5829
5799
3828
5826
6828
6809
1529
5332
408
4270
6776
5461
2781
2987
2139
410
164
4616
3264
4386
5619
5315
4651
1212
6774
4742
6682
6976
3455
5949
1604
2260
1083
6934
1090
4208
277
1064
4987
4422
7046
5346
4947
1268
3942
2048
3312
6199
4703
5597
5584
5487
613
5493
4296
5699
970
3512
1787
792
5188
1303
5350
4860
3378
2118
5093
1461
3691
329
785
1223
2935
3155
6787
5096
2494
2190
4151
2593
722
1022
3004
5591
4107
310
4795
2660
4497
5749
2124
2366
4553
6601
1363
3522
2026
458
4416
2862
1010
1400
4161
5639
46
1547
173
3315
645
1454
40
6022
2548
5909
5537
416
6035
302
6203
3480
2862
4370
2782
2176
3071
1159
4889
3560
577
1733
52
6365
4740
4200
6105
3799
4819
3863
1554
1369
6459
2534
1893
6461
1058
4674
4896
6435
1181
2168
5461
4049
5102
6304
2084
962
1955
2824
3665
939
3253
2807
6748
6989
6907
721
2510
5157
1612
4004
4960
1493
866
4076
2147
3227
5509
4275
2384
939
1852
2427
7030
2708
4882
5776
1297
1768
2806
5581
6298
368
493
6529
1901
2731
6562
5254
1573
6458
4904
2088
5266
4144
2792
3256
2182
2300
3350
1503
3982
5149
4530
1935
20
1459
3112
859
2796
1713
1399
980
7005
3498
4697
1229
6372
2564
3381
2642
1404
2353
6340
6933
2254
5492
3857
3882
6470
4108
1811
489
3900
573
5178
5457
969
2903
3228
2751
3108
5184
6690
2337
6680
6322
550
5358
1267
5475
3575
744
1384
4300
6736
6386
1870
4005
2522
6090
6761
3359
3142
6787
859
12
4401
1946
1601
4579
3396
825
4163
4240
6908
6639
6238
5746
1257
4256
4695
3454
3522
5231
2054
6081
1991
1591
3930
279
5307
5504
725
5523
1130
2791
3303
2778
5
6303
5829
390
2348
2725
6401
6024
5907
2424
5587
3976
556
3424
2085
4186
6936
6061
430
4237
6023
249
6499
2757
6343
5169
84
2104
97
3479
4112
5628
2203
2439
5085
4373
2003
6170
1784
522
6945
5809
4337
1432
1363
5534
4159
3615
5613
6175
1198
2720
3229
4861
678
4716
1779
3824
4253
4298
462
6127
4837
1860
3042
5843
4824
6623
5063
369
928
4523
6220
1187
4031
6949
558
5158
2154
3221
6619
5741
2763
748
1416
4697
6166
2246
1824
5417
5307
3865
3543
5752
5370
6556
4274
4692
6163
1274
2705
6134
1942
2032
1988
1058
2797
5081
3122
2848
4868
3819
6399
2756
628
1671
4101
190
3465
3265
2215
6931
2888
4943
2684
2689
7015
3471
2746
3969
5163
6733
2880
5080
5364
6428
6128
1413
5164
6269
817
3727
6056
6031
6668
2125
1407
6002
2376
4541
4575
696
2371
5734
2568
3929
3696
3058
4131
5075
3888
1201
1153
2575
4392
3079
3695
1470
1449
400
1836
1049
2259
1333
5695
6268
2884
290
5273
2343
5775
5425
3512
1098
874
1081
5961
6821
2405
5631
6804
2211
2847
3169
5896
1441
6666
3833
2941
5861
4813
978
3420
801
2220
1350
4819
1712
1574
6062
4000
4510
3244
18
5756
4017
6695
1705
3704
5676
4963
6020
5064
3312
5162
4286
162
5827
4610
2768
3613
1664
5932
3545
2768
5805
3028
6006
3502
1438
4847
236
3774
3186
1722
411
4595
4164
739
6008
6601
6811
6792
4200
1784
4516
2291
4355
5028
4747
4032
140
930
6919
4882
770
4247
3044
5034
4918
3894
518
3583
650
4362
627
4233
3586
6210
4690
6655
1207
1284
474
1547
1894
411
5157
1927
410
4659
2422
5240
3021
3692
6760
4674
5214
831
372
3784
1996
6128
5067
4099
6123
5419
5617
5189
6595
1007
5617
4037
1718
2535
2627
2363
1835
1299
5302
2492
3508
1619
3878
3784
4413
4327
5630
4359
6455
4457
1678
6253
6827
3760
1837
902
1574
6068
825
3455
1324
4530
4464
5289
5393
799
6023
518
4760
2464
2406
6372
2876
5902
2250
6255
302
6603
5417
2200
4428
1225
6565
1720
7
5710
1934
4387
2650
1607
3411
4809
2400
2983
4144
854
2428
6015
5847
1680
6106
6925
304
3239
1249
2377
4912
2205
5759
2261
317
5092
712
404
3986
6660
1777
5226
3139
2251
272
3357
2932
6243
1733
1420
3417
179
2637
6375
3816
1912
2555
3302
3227
1070
4825
5111
3247
1868
6170
2533
670
6151
4203
1554
824
4824
2069
248
398
4052
5390
1381
422
1006
2297
2694
815
6611
2505
4838
3418
6197
3289
2241
4713
2661
3358
2163
6715
3120
5645
5349
2757
1474
5170
3280
6067
5306
2720
3986
6079
4865
3258
5153
6870
5878
5946
6855
3225
2961
4307
1582
3231
2462
4361
1084
2407
4462
6054
4126
2592
4717
3728
1219
6282
1851
4094
2102
2653
6830
5218
3896
3718
1319
282
5191
1202
3659
6574
3421
6092
2834
3581
5344
1909
6456
6550
4256
1145
5459
4160
3792
1700
6963
739
253
4581
2086
3800
3890
4382
1435
5055
849
3806
241
1218
4866
607
4963
791
3428
3471
3750
4582
2953
6872
571
6073
2237
1758
2430
4666
4011
5583
892
4998
2319
5803
2483
1477
1554
2187
42
2057
3369
3318
591
6915
6707
1964
717
5111
5295
4168
1452
5477
6306
3701
5886
506
3913
6259
1486
404
6214
3897
1480
1339
140
6817
3
901
3253
6502
571
4826
896
3967
6752
649
5394
2512
5745
4639
6157
3522
1538
6271
6043
1912
5229
4186
1421
3550
4809
1740
1106
6148
2442
1304
3109
3645
290
5795
2982
2684
1452
3259
2988
6170
3145
6619
84
2676
5635
3056
7044
6336
1269
4317
4192
1361
340
5691
2783
1863
1879
5249
2541
6026
4505
4847
6156
3762
3256
2758
1239
3914
508
1743
1319
2214
401
2059
3253
6164
3329
129
4006
527
6839
4945
5524
4043
3696
59
157
2874
3917
4953
712
2777
6807
4293
3758
5411
6512
6831
6545
747
1935
6163
788
4601
274
6748
1319
6858
396
3313
5359
5730
5566
4018
3421
5700
5946
2502
1238
6732
399
3351
290
2099
192
6855
3011
2841
4437
3469
265
2619
153
4866
4618
2920
3498
3498
5642
2053
13
2830
2664
3052
3093
5593
6433
1984
1057
3509
4032
6031
2473
6546
2585
3782
4067
6739
5732
5094
3987
1954
2598
4278
4039
4702
5565
4159
2824
459
1380
6781
6705
6980
5003
2474
5274
2263
2162
850
2142
6586
6401
3172
965
4319
3018
3070
3489
2212
2938
5659
6471
1655
3659
6205
3191
6749
2753
5983
6634
3327
2508
5889
819
4640
3956
6618
792
1413
6585
1603
4375
6954
1879
2629
3682
1907
3372
589
6648
5364
6841
1523
4635
4891
4940
5172
5045
2843
3859
5684
5954
1499
1704
4818
3183
328
3026
6225
4173
5290
1690
1100
4344
2025
167
4974
1452
6338
6149
263
5792
6918
5372
6482
6209
5217
2857
6527
2224
4302
1628
5518
1815
149
4396
3352
3462
2605
5069
4975
4547
5594
4549
1257
4712
6722
3964
2394
3467
4671
4249
3423
4316
6851
838
6149
6583
1717
2977
1495
2674
4527
3156
5273
1902
2046
5656
4415
2575
6162
6944
1221
6893
5783
2031
6784
1365
1590
3996
2064
1823
5169
3559
7006
3224
4408
6966
5675
3975
5150
3286
2246
1035
1020
1137
1323
2296
6217
4753
4850
5210
4282
6175
2883
4664
2035
2680
32
4787
4390
1930
838
1956
803
2420
927
3535
607
2720
2440
3038
650
5007
398
2098
491
5482
5332
2072
3345
1511
2144
5116
1050
5852
449
3890
3372
4038
5148
3888
6073
3364
5807
5768
6013
419
213
385
659
7035
6569
408
1731
2221
6921
1315
5717
5761
2080
3513
1302
381
3069
2819
3283
606
4152
4917
6168
2606
2374
747
6048
2112
3933
4665
6096
4846
1161
6823
4225
4280
134
1561
2983
6182
6156
5606
6675
6767
5086
100
793
918
3078
1690
6736
468
1612
1614
5252
6998
6843
6835
7053
4124
1532
5423
3983
2587
6161
7007
4367
6752
1542
1123
1314
4299
2895
1992
6828
911
6188
5874
4569
4571
5637
3928
862
5522
212
3729
1686
3881
4765
2909
5009
5750
3064
4426
6227
2159
5013
1663
3892
80
4816
3264
2939
1718
5867
2099
1663
4914
4568
1323
5675
6885
5089
5167
1745
4240
697
4956
456
6253
230
5952
1272
107
456
6399
4329
3911
1141
2263
3128
1576
2315
3755
1013
4798
3387
1907
6645
1929
6862
1871
332
5538
5182
5311
415
5959
299
41
2819
6085
643
5998
1918
1310
2098
6434
3764
5463
1636
4159
6814
6540
1444
1328
1049
1154
2594
2828
1817
446
1412
2646
6855
2403
1816
1257
3355
2335
281
875
1862
250
3176
896
2387
3645
16
187
5675
1893
5355
5187
6729
7012
5176
4508
4176
1335
532
4639
164
6022
3407
4174
589
411
6216
1093
50
3907
6927
2791
2592
5102
6133
2059
5467
1352
3535
6191
2828
3689
1848
6529
4515
1889
2212
6960
7000
1962
3692
1936
5390
460
421
6926
6616
6392
2744
2549
2759
2938
2679
6198
2200
6318
6558
4210
2589
46
3256
6476
6231
6181
2562
6032
5990
1358
37
6995
3275
6352
1489
3161
1479
6446
3175
7057
4720
1152
6397
5399
6345
7025
3271
3786
6552
6208
871
290
7011
3962
372
5895
758
6365
6884
4673
4168
1454
3552
962
3450
2212
3486
6208
2607
359
1811
4360
4064
5751
5782
1549
2684
9
5996
3233
7058
3216
81
1846
1586
2070
2253
3272
226
1545
4076
4384
2634
356
5729
341
1679
4093
1102
1498
4902
2751
2222
1489
4801
388
779
649
4260
2698
3976
6920
227
1894
5471
4151
3052
2584
6988
6601
2916
6718
1589
5270
4878
5867
5179
5293
235
1605
5904
509
1937
1930
4005
3750
2417
6683
6947
1435
3590
3231
1037
1827
4623
1848
7031
4748
1561
2660
1776
5944
6853
5649
4661
702
6693
1897
4010
3139
3078
6841
1272
4928
6321
278
1083
3657
4828
1416
5948
1324
2502
5995
2145
2134
3542
6881
421
739
1899
3106
3786
3386
2946
6024
5207
5633
5535
1733
6807
6387
1213
5920
6716
2557
4458
2815
5558
5013
5264
2767
598
1001
4496
6091
1895
1907
1273
1559
1763
3736
3525
1538
1704
2464
1396
6894
6202
3229
4394
5963
1487
3512
6669
4389
3153
1305
3194
3532
4628
2580
5835
3943
2898
7039
6846
2466
723
1520
4465
1760
892
558
587
1368
4582
5867
6273
1342
6485
5655
6983
992
6321
655
3892
2724
2527
428
2563
2232
3777
5035
1527
3259
3066
3661
3469
345
1084
3121
5100
5190
6621
1220
3155
6100
3103
689
902
6058
2130
2222
800
2124
3754
1070
1834
6418
1633
2245
898
4689
4360
1584
2490
2564
5881
1093
3622
3944
1003
1666
251
3070
808
6358
4318
6069
1471
1889
6841
5409
2366
933
3357
5155
633
3690
1018
5280
4868
2073
4434
5328
2765
3382
2113
1047
2146
5685
6509
2611
400
2588
6993
6902
536
3420
1542
1604
2160
4323
7058
652
5338
268
1616
3751
828
4201
1690
4271
6871
4186
6926
5547
2013
784
1476
5534
1362
3222
5276
6017
3206
755
163
880
4649
3483
5190
2477
5014
5427
4558
5741
905
577
1385
7007
5143
4590
1027
3772
3834
2838
2953
1605
1862
6568
3665
4382
203
2948
6510
516
4622
3870
4658
543
210
712
2177
4722
2038
1217
6386
4054
2097
1291
5705
6833
3853
1540
6038
4155
902
5585
5780
132
5314
2459
733
1475
2878
5662
5461
1612
2462
1058
1740
6742
4397
646
1878
2033
1446
2218
2732
6071
3813
2208
2727
5893
113
912
473
4730
3151
4319
2264
4257
6087
4810
4282
762
3861
4101
4872
633
311
5449
108
4673
382
3373
805
5288
5405
964
2761
5800
6572
5980
6114
917
5053
1073
4785
5076
4746
3214
5899
7054
1296
6444
6684
3109
847
2730
3863
6208
1521
1070
3831
3363
5369
132
5482
3618
5542
5997
6447
147
2240
5038
4287
4040
1312
850
3732
3016
3921
6054
5352
2916
4812
5710
293
4066
355
1516
6741
3422
3027
5732
6290
846
199
273
4835
4441
1162
4203
425
605
4528
5871
4362
5163
6676
5836
2928
7029
4553
160
4904
4156
3499
1365
4756
5572
1133
1321
3298
1243
99
5295
227
5634
776
1225
5915
1492
1874
3301
2776
876
2579
160
2896
5488
6187
1452
2458
1825
6847
4175
4190
412
3993
5193
1358
108
2470
6848
2467
3704
1081
1750
2524
2240
2961
3752
4412
3790
3453
5630
5438
980
844
2011
303
5644
4040
3285
4315
5361
3712
74
5080
369
2740
1692
4834
3197
35
3368
3284
6708
813
3149
3217
3488
6336
3168
4294
2143
6485
3710
4766
385
427
6175
3819
6118
4380
3303
2085
5924
1262
6338
6642
3083
4270
5764
4751
3580
306
6625
2966
3703
1876
895
1032
6425
5684
2475
5649
3339
4765
2858
4958
4947
3871
6847
6769
6602
6145
2586
2862
4675
5215
1277
402
5516
3162
6258
2541
2600
1177
2727
418
2147
5486
1371
2761
4891
1294
4830
5135
5245
2731
5293
5136
1835
704
5220
6739
2986
965
2051
6963
2980
6580
4366
1456
6880
7060
2482
2800
4013
3866
5045
2627
4262
6191
6912
1086
5306
2881
1941
3415
4696
2333
749
5476
1915
601
2104
5441
6663
6670
6089
